0.307292 0.664892 
0.183309 0.793904 
0.691541 0.352772 
0.854772 0.046126 
0.603073 0.276074 
0.513545 0.609834 
0.302260 0.648908 
0.032319 0.972243 
0.957408 0.055436 
0.407817 0.668189 
0.329082 0.611109 
0.907201 0.032632 
0.346544 0.621778 
0.799642 0.310231 
0.953006 0.053064 
0.117360 0.840138 
0.524828 0.487171 
0.829603 0.139710 
0.264985 0.671590 
0.964926 0.020486 
0.331010 0.739194 
0.796410 0.228270 
0.210746 0.809884 
0.262333 0.683134 
0.926911 0.075473 
0.533491 0.479433 
0.207331 0.712173 
0.887531 0.140169 
0.435906 0.578902 
0.046860 0.916259 
0.841438 0.117458 
0.503384 0.495905 
0.702794 0.435594 
0.988045 0.046616 
0.890644 0.039584 
0.127228 0.899419 
0.217525 0.750441 
0.063175 0.964082 
0.111173 0.883829 
0.786542 0.259314 
0.965756 0.038731 
0.634638 0.307618 
0.362589 0.539003 
0.069383 0.931668 
0.421136 0.629014 
0.556704 0.499637 
0.962236 0.036403 
0.495688 0.429148 
0.756529 0.189252 
0.536016 0.519054 
0.195540 0.781003 
0.299729 0.703770 
1.009914 0.079316 
0.375127 0.587371 
0.425340 0.711081 
0.187474 0.847777 
0.426270 0.505453 
0.504922 0.452352 
0.022931 0.909942 
0.317912 0.663379 
0.737515 0.350906 
0.512805 0.549264 
0.542948 0.524271 
0.471152 0.532205 
0.266572 0.727713 
0.142783 0.876193 
0.710702 0.206584 
0.507069 0.481862 
0.056489 0.846448 
0.829210 0.211182 
0.357377 0.625685 
0.544641 0.434323 
0.512455 0.511473 
0.520364 0.366176 
0.501340 0.523056 
0.948884 0.059883 
0.266355 0.675271 
0.977229 0.045602 
0.828495 0.157745 
0.834007 0.100013 
0.138451 0.765572 
0.859400 0.150881 
0.522212 0.361362 
0.557452 0.375327 
0.241126 0.682149 
0.546290 0.477415 
0.570658 0.352174 
0.246580 0.795911 
0.162300 0.932418 
0.214428 0.779679 
0.737286 0.303853 
0.563238 0.447997 
0.158208 0.874983 
0.940846 0.037678 
0.312168 0.728738 
0.716644 0.231465 
0.440310 0.537869 
0.189676 0.761630 
0.992600 0.055712 
0.045572 0.984903 
0.949351 0.001229 
0.202505 0.802247 
0.928016 0.005941 
0.921691 0.099446 
0.572017 0.478227 
0.248094 0.694534 
0.560360 0.491437 
0.861054 0.110658 
0.671656 0.264648 
0.779277 0.254645 
0.958139 0.106191 
0.442406 0.583456 
0.159030 0.758166 
0.557689 0.446195 
0.977416 0.043452 
0.472975 0.566853 
0.915128 0.123651 
0.363214 0.649980 
1.018294 0.000532 
0.123942 0.943306 
0.490825 0.497290 
0.266285 0.766609 
0.891354 0.246806 
0.972195 0.067423 
0.992723 0.000071 
0.127902 0.868663 
0.101759 0.924417 
0.500711 0.450846 
0.175308 0.880178 
0.045874 0.922195 
0.544787 0.560783 
0.518390 0.508386 
0.588046 0.429253 
0.501241 0.468208 
0.522363 0.538766 
0.715545 0.391977 
0.733813 0.315810 
0.418881 0.548377 
0.391028 0.608910 
0.684327 0.288642 
0.065079 0.843649 
0.540718 0.498910 
0.647785 0.384259 
0.596041 0.365083 
0.916836 0.018844 
0.557483 0.414848 
0.652881 0.233217 
0.558000 0.569468 
0.226210 0.650313 
0.214075 0.659414 
0.956995 0.071110 
0.259270 0.738711 
0.324826 0.688768 
0.340543 0.656410 
1.043246 0.032977 
0.831312 0.177044 
0.785082 0.282489 
0.817534 0.246909 
0.784732 0.152838 
0.178609 0.864218 
0.811170 0.244552 
0.564488 0.370744 
0.183294 0.822933 
0.220022 0.699713 
0.073521 0.882135 
0.639871 0.437343 
0.907613 0.049140 
0.465696 0.602958 
0.196478 0.838347 
0.106949 0.893889 
0.944104 0.019605 
0.940511 0.063755 
0.505634 0.530137 
0.428110 0.521339 
0.288472 0.618939 
0.145512 0.873630 
0.237683 0.773017 
0.617467 0.440595 
0.595945 0.393532 
0.258586 0.708132 
0.866825 0.038263 
1.015891 0.049588 
0.318148 0.679006 
0.537575 0.550838 
0.432614 0.427598 
0.741022 0.145857 
0.239960 0.755589 
0.165033 0.770763 
0.250349 0.682559 
0.924776 0.212831 
0.461836 0.518400 
0.644750 0.381205 
0.141381 0.925476 
0.274004 0.667638 
0.957227 0.079299 
0.950505 0.048177 
0.310664 0.706383 
0.330037 0.694918 
0.508640 0.567546 
0.456725 0.556826 
0.939363 0.116444 
0.090633 0.865680 
0.467092 0.498847 
0.204966 0.897181 
0.168228 0.748512 
0.321128 0.628448 
0.614968 0.409284 
0.554491 0.469332 
0.689040 0.357713 
0.110476 0.916152 
0.908632 0.114115 
0.184958 0.686728 
0.370026 0.665431 
0.164498 0.804647 
0.722075 0.252110 
0.694654 0.331125 
0.568949 0.396324 
0.267178 0.729893 
0.069300 0.953375 
0.819492 0.152536 
0.587966 0.337589 
0.306334 0.764105 
0.468689 0.590076 
0.911749 0.056409 
0.177919 0.852429 
0.932335 0.078675 
0.117120 0.914892 
0.597355 0.332559 
0.748623 0.416162 
0.944716 0.058237 
0.637624 0.355605 
0.749075 0.165157 
0.752637 0.252106 
0.884644 0.114493 
0.018227 0.958145 
0.378990 0.602156 
0.182501 0.854583 
0.641360 0.235917 
0.272187 0.837382 
0.996382 0.040745 
0.116327 0.902359 
0.973170 0.152261 
0.181348 0.807149 
0.881951 0.118754 
0.634105 0.371654 
0.640561 0.486998 
0.562562 0.423738 
0.779370 0.246621 
0.768167 0.246769 
0.461096 0.524244 
0.228195 0.810939 
0.355117 0.575102 
0.349699 0.661892 
0.230824 0.743299 
0.226421 0.733474 
0.521921 0.392516 
0.880932 0.114017 
0.180870 0.779493 
0.094098 0.954232 
0.501909 0.536792 
1.023117 0.076680 
0.617171 0.290301 
0.736428 0.305648 
0.003848 0.984274 
0.599822 0.372311 
0.291893 0.682936 
0.841899 0.161084 
0.115003 0.844982 
0.077544 0.844677 
0.375985 0.573032 
0.740146 0.297160 
0.481488 0.689107 
0.477706 0.545966 
0.867961 0.232528 
1.014969 0.054735 
0.819363 0.163688 
0.701124 0.165819 
0.227130 0.822117 
1.025252 0.030416 
0.359832 0.607234 
0.263384 0.799472 
0.187156 0.753106 
0.619805 0.416134 
0.426651 0.553997 
0.489967 0.503446 
0.132826 0.813474 
0.287465 0.735296 
0.442937 0.543186 
0.927812 0.081357 
0.238243 0.782034 
0.405473 0.590746 
0.785213 0.193236 
0.899112 0.051545 
0.460264 0.622466 
0.694173 0.306344 
0.403283 0.561092 
0.047327 0.898153 
0.355330 0.659833 
0.522518 0.499559 
0.271158 0.670417 
0.593610 0.338926 
0.102811 0.919658 
0.901596 0.199749 
0.742211 0.166551 
0.067122 1.023193 
0.557368 0.397076 
0.360769 0.614735 
0.247163 0.725052 
0.347642 0.654775 
0.091031 0.963419 
0.987070 0.015046 
1.014721 0.083519 
0.317148 0.677198 
0.676656 0.333521 
0.328965 0.627943 
0.533948 0.462492 
0.143575 0.831247 
0.787876 0.242574 
0.843220 0.273988 
0.013232 0.948966 
0.481423 0.585055 
0.666646 0.290447 
0.498862 0.405220 
0.627527 0.394048 
0.378355 0.678980 
0.598413 0.483514 
0.800394 0.147869 
0.809300 0.193790 
0.199103 0.682481 
0.454889 0.435915 
0.459618 0.484198 
0.225330 0.791214 
0.361758 0.651143 
0.714379 0.284010 
0.648583 0.375724 
0.352895 0.732403 
0.472956 0.587970 
0.138025 0.813060 
0.524981 0.513622 
0.594105 0.501604 
0.610722 0.444202 
0.217571 0.790293 
0.558673 0.454126 
0.744346 0.242178 
0.396821 0.703511 
0.398689 0.623264 
0.116843 0.914567 
0.045595 0.951786 
0.424332 0.502473 
0.818185 0.183874 
0.736389 0.205764 
0.500361 0.446171 
0.563960 0.390186 
0.183209 0.788352 
0.056244 0.873371 
0.002687 1.027330 
0.161348 0.796976 
0.945038 0.062284 
0.912838 0.078250 
0.822921 0.197145 
0.760978 0.282663 
0.646218 0.219998 
0.071195 0.863842 
0.559511 0.431414 
0.808223 0.076296 
0.563130 0.372787 
0.849219 0.275878 
0.526868 0.523114 
0.154835 0.828736 
0.707382 0.284936 
0.729862 0.208893 
0.304994 0.648810 
0.794248 0.241835 
0.833838 0.218368 
0.744719 0.276432 
0.785644 0.191075 
0.888324 0.126243 
0.418624 0.573163 
0.347299 0.743726 
0.898613 0.039520 
0.220427 0.894054 
0.167287 0.854813 
0.354458 0.656901 
0.007683 0.991525 
0.788670 0.317596 
0.253816 0.714310 
0.868155 0.141710 
0.233968 0.775955 
0.319480 0.731647 
0.422758 0.544757 
0.647782 0.433467 
0.846152 0.124220 
0.051393 0.844150 
0.582201 0.352623 
0.251428 0.766608 
0.914288 0.066290 
0.576529 0.544409 
0.829346 0.142371 
0.698604 0.310367 
0.459216 0.396287 
0.455298 0.523077 
0.628780 0.359185 
0.660918 0.397960 
0.806011 0.148184 
0.267993 0.826129 
0.950671 0.009500 
0.463617 0.530388 
0.329243 0.664474 
0.279026 0.742623 
0.684665 0.309519 
0.999771 0.019203 
0.684336 0.209389 
0.837283 0.145054 
0.026058 0.896326 
0.186596 0.858570 
0.966489 0.064547 
0.163939 0.829804 
0.017448 1.023712 
0.182228 0.904085 
0.063613 0.967621 
0.785983 0.237635 
0.432503 0.663940 
0.113576 0.854333 
0.183425 0.853351 
0.381989 0.673002 
0.284626 0.681257 
0.144113 0.920207 
0.789079 0.330930 
0.782569 0.195529 
0.618351 0.390670 
0.665299 0.366496 
0.327755 0.736913 
0.841753 0.095011 
0.589936 0.496288 
0.040463 0.954282 
0.628003 0.350828 
0.824557 0.175285 
0.937085 0.057839 
0.331798 0.620589 
0.007367 1.041345 
0.450068 0.501028 
0.010625 0.920383 
0.629565 0.403247 
0.733338 0.331735 
0.879331 0.015789 
0.859038 0.009702 
0.371142 0.608848 
0.042408 0.886620 
0.645617 0.327047 
0.799947 0.222034 
0.859887 0.028780 
0.346324 0.643737 
0.116557 0.952075 
0.401380 0.589222 
0.004800 0.938487 
0.662748 0.325979 
0.561862 0.400805 
0.793352 0.185047 
0.484502 0.527867 
0.750563 0.225103 
0.263398 0.769566 
0.361689 0.601622 
0.357012 0.621721 
0.812363 0.103961 
0.218159 0.812145 
0.197627 0.855292 
0.168993 0.832548 
0.869444 0.035301 
0.443813 0.529208 
0.129606 0.956508 
0.201826 0.767694 
0.788522 0.351740 
0.661092 0.322692 
0.625294 0.403890 
0.438668 0.622330 
0.689318 0.302557 
0.129559 0.959262 
1.048149 0.044279 
0.865052 0.204774 
0.157324 0.776092 
0.208052 0.808721 
0.992485 0.010148 
0.648994 0.275154 
0.956822 0.053200 
0.331298 0.611582 
0.925808 0.184082 
0.334608 0.731919 
0.743364 0.224242 
0.936700 0.067102 
0.446637 0.516287 
0.310709 0.571282 
0.813764 0.252801 
0.113425 0.896422 
0.826485 0.105083 
0.446102 0.627426 
1.028813 0.014118 
0.197594 0.725408 
0.472675 0.601590 
0.708470 0.318662 
0.817260 0.129301 
0.181400 0.767373 
0.190822 0.834265 
0.498552 0.466664 
0.458024 0.573621 
0.128304 0.898340 
0.126494 0.894863 
0.350703 0.720933 
0.267298 0.728901 
1.037936 0.063798 
0.381932 0.606874 
0.166906 0.775129 
0.640910 0.422331 
0.576462 0.408119 
0.613616 0.458352 
0.452461 0.599211 
0.036414 0.984889 
0.539767 0.502818 
0.083180 0.938975 
0.441806 0.494183 
0.597496 0.370014 
0.057584 0.949815 
0.752484 0.335517 
0.208990 0.813203 
0.630227 0.410037 
0.993747 0.052194 
0.288820 0.765326 
0.020079 0.963873 
0.929513 0.013127 
0.327127 0.764226 
0.487646 0.615980 
0.351214 0.667515 
0.135964 0.800683 
0.369930 0.655151 
0.912876 0.103323 
0.849616 0.163485 
0.807358 0.175274 
0.844219 0.241583 
0.822469 0.219018 
0.279593 0.869266 
0.423847 0.586900 
0.132552 0.904343 
0.600468 0.481572 
0.854201 0.138913 
0.341219 0.599025 
0.030912 1.005403 
0.766808 0.266304 
0.706983 0.277354 
0.794273 0.183819 
0.115396 0.898888 
0.035107 0.961210 
0.390476 0.647354 
0.944413 0.126869 
0.414430 0.598728 
0.228552 0.819699 
0.767407 0.158025 
0.630413 0.391655 
0.601553 0.360334 
0.154494 0.770292 
0.166253 0.783434 
0.639575 0.470963 
0.402946 0.540226 
0.510036 0.485167 
0.033737 0.931628 
0.421703 0.654701 
0.231212 0.740092 
0.022305 1.069914 
0.343125 0.577829 
0.305248 0.732120 
0.065217 0.979709 
0.199709 0.745058 
0.876643 0.091093 
0.443989 0.580602 
0.752824 0.323711 
0.311850 0.657199 
0.196103 0.758501 
0.112729 0.853685 
0.964266 0.079682 
0.135139 0.888471 
0.932943 0.017883 
0.302843 0.656415 
0.838649 0.188021 
0.880423 0.080976 
0.078422 0.887081 
0.478939 0.552334 
0.839908 0.179282 
0.813219 0.102954 
0.417752 0.504508 
0.086335 0.913963 
0.352396 0.610130 
0.300502 0.656503 
0.396461 0.640077 
0.151452 0.838126 
0.233914 0.799246 
0.109846 0.842908 
0.763902 0.222284 
0.846509 0.123907 
0.049823 0.887653 
0.461798 0.583706 
0.159059 0.832727 
0.955307 0.135433 
0.044763 0.991985 
0.011190 0.878675 
0.907192 0.045407 
0.180902 0.850262 
0.718621 0.284100 
0.517773 0.571775 
0.193454 0.725481 
0.616339 0.358373 
0.360651 0.559950 
0.365840 0.649047 
0.145723 0.947385 
0.185690 0.806951 
0.212305 0.809635 
0.240940 0.723282 
0.020472 0.919734 
0.184318 0.798755 
0.246759 0.698654 
0.616715 0.237198 
0.344222 0.606266 
0.941918 0.043876 
0.393202 0.554305 
0.719166 0.268942 
0.334106 0.715846 
0.562481 0.317669 
0.047695 1.007849 
0.717070 0.344417 
0.982046 0.052746 
0.813357 0.038320 
0.435930 0.460394 
0.431258 0.653869 
0.797676 0.108237 
0.268619 0.689406 
0.827666 0.174344 
0.769196 0.263996 
0.119793 0.884990 
0.082049 0.821114 
0.920173 0.107392 
0.356846 0.552945 
1.018828 0.049923 
1.013183 0.018448 
0.267496 0.743780 
1.079071 0.041916 
0.785514 0.091913 
0.386308 0.667299 
0.124137 0.770701 
0.931288 0.169842 
0.800983 0.147395 
0.601304 0.281853 
0.820127 0.160203 
0.847334 0.291759 
0.618115 0.375792 
0.379496 0.539492 
0.038239 0.957608 
0.200025 0.839497 
0.076177 0.922100 
0.822077 0.085244 
0.169403 0.722128 
0.704850 0.238388 
0.565307 0.426095 
0.254267 0.789191 
0.426066 0.503844 
0.579558 0.428609 
0.863904 0.086112 
0.615281 0.318885 
0.743231 0.213023 
0.596203 0.345541 
0.054234 0.998277 
0.773896 0.150642 
0.368748 0.721928 
0.791348 0.208914 
0.345698 0.674154 
0.259480 0.839414 
0.198011 0.809480 
0.193761 0.782157 
0.889171 0.027961 
0.731593 0.308887 
0.260609 0.719065 
0.067820 0.884386 
0.299958 0.718744 
0.955393 0.012212 
0.638339 0.332289 
0.119340 0.937340 
0.930276 0.041880 
0.913447 0.104639 
0.203477 0.846470 
0.346555 0.635314 
0.410182 0.531790 
0.876320 0.064090 
0.780588 0.175332 
0.291805 0.779919 
0.405147 0.585635 
0.240985 0.703250 
0.028589 1.000485 
0.012492 0.966082 
0.154431 0.762582 
0.626128 0.397587 
0.820354 0.187147 
0.297450 0.779922 
0.949595 0.105238 
0.048025 0.966458 
0.196733 0.798111 
0.410832 0.586803 
1.001233 0.014883 
0.237526 0.833198 
0.754424 0.244924 
0.007862 0.989669 
0.758266 0.322986 
0.059087 1.079616 
0.832366 0.141686 
0.887325 0.102891 
0.168184 0.892789 
0.547570 0.395641 
0.699891 0.334761 
0.229405 0.823499 
0.207100 0.788206 
0.484155 0.458844 
0.228748 0.779781 
0.228718 0.805109 
0.101324 0.927499 
0.509531 0.496906 
0.672561 0.344218 
0.318432 0.620737 
0.954931 0.112171 
0.672093 0.403952 
0.329675 0.688628 
0.591579 0.418753 
0.301860 0.732276 
0.349524 0.557843 
0.911432 0.074835 
1.014885 0.085825 
0.758706 0.258997 
0.558392 0.481199 
0.883711 0.219263 
0.249219 0.797965 
0.032605 0.888421 
0.271640 0.791130 
0.838053 0.094048 
0.112743 0.849587 
0.101062 0.828595 
0.105143 0.841362 
0.603029 0.494617 
0.514770 0.483684 
0.757944 0.145194 
0.683386 0.373375 
0.532387 0.401073 
0.466682 0.459049 
0.951798 0.174094 
0.759298 0.277480 
0.473008 0.446060 
0.807076 0.219015 
0.870159 0.111894 
0.261901 0.811166 
0.885664 0.043118 
0.824527 0.101687 
0.789662 0.175766 
0.948166 0.073408 
0.629139 0.376074 
0.356493 0.652569 
0.553459 0.486358 
0.164614 0.791637 
0.405700 0.528139 
0.365199 0.699506 
0.370792 0.652715 
0.236176 0.861203 
0.502655 0.519700 
0.053229 1.036272 
0.735106 0.208414 
0.299996 0.726608 
0.586444 0.440572 
0.042209 1.068815 
0.815424 0.124122 
0.657924 0.324256 
0.871299 0.048070 
0.391363 0.740062 
0.933062 0.108149 
0.006821 1.085320 
0.785107 0.261482 
0.398680 0.601222 
0.431735 0.545569 
0.208120 0.726625 
0.843024 0.216944 
0.887791 0.045031 
0.649882 0.430937 
0.079015 0.924776 
0.203212 0.907853 
0.126371 0.749102 
0.770921 0.243219 
0.011382 1.014453 
0.878813 0.054919 
0.976125 0.088931 
0.432172 0.502680 
0.379718 0.538243 
0.808931 0.298913 
0.199894 0.706614 
0.157887 0.778438 
0.721323 0.322671 
0.074755 0.921853 
0.457469 0.490206 
0.462029 0.490519 
0.115649 0.905491 
0.392578 0.621501 
0.740159 0.183421 
0.863583 0.151406 
0.580868 0.446373 
0.112580 0.947889 
0.775405 0.200012 
0.625870 0.332913 
0.025304 1.047192 
0.308402 0.733979 
0.160247 0.790845 
0.380789 0.637765 
0.745435 0.209550 
0.164997 0.820068 
0.905970 0.047937 
0.666288 0.458150 
0.082579 0.871555 
0.288937 0.810970 
0.859326 0.153014 
0.021409 0.953643 
0.132034 0.879995 
0.384693 0.615548 
0.612477 0.321051 
0.209901 0.784125 
0.015824 0.911394 
0.085723 0.844631 
0.935747 0.019874 
0.638507 0.332475 
0.543168 0.466238 
0.598957 0.468931 
0.016143 1.007722 
0.817186 0.154476 
0.143827 0.948598 
0.867951 0.070556 
0.064293 1.037469 
0.730704 0.291310 
0.763341 0.224897 
0.086828 0.907568 
0.382532 0.568417 
0.764330 0.139185 
0.638063 0.454034 
0.101517 0.838942 
0.563830 0.377824 
0.171703 0.863602 
0.489464 0.451833 
0.270250 0.767436 
0.818913 0.124115 
0.248646 0.852520 
0.787342 0.239064 
0.218224 0.705418 
0.300810 0.658777 
0.567768 0.534834 
0.817020 0.108376 
0.121381 0.929880 
0.611431 0.372479 
0.576384 0.423491 
0.615398 0.385048 
0.724441 0.235657 
0.517190 0.518527 
0.768964 0.234110 
0.681055 0.360485 
0.832280 0.259412 
0.321456 0.763991 
0.717883 0.292798 
0.982710 0.061947 
0.312230 0.582253 
0.801308 0.277662 
0.228518 0.773255 
0.815844 0.230173 
0.367930 0.648424 
0.818371 0.157335 
0.258830 0.663164 
0.828785 0.268586 
0.473357 0.444140 
0.753724 0.096984 
0.239869 0.770662 
0.937339 0.049397 
0.901377 0.132804 
1.057727 0.000828 
0.549502 0.367321 
0.419556 0.498389 
0.609785 0.380449 
0.481153 0.542536 
0.118647 0.935275 
0.222856 0.796661 
0.007805 1.011329 
0.315254 0.684350 
0.849867 0.248263 
0.881932 0.073780 
0.502394 0.403133 
0.170031 0.806018 
0.285371 0.711937 
1.099177 0.032237 
0.251577 0.782544 
0.485259 0.652892 
0.509759 0.510712 
0.045647 0.911917 
0.781757 0.166502 
0.927808 0.073510 
0.559564 0.434577 
0.372723 0.654836 
0.898361 0.070083 
0.967026 0.024964 
0.719500 0.296555 
0.479665 0.425935 
0.890106 0.206355 
0.193753 0.840189 
0.181613 0.695870 
0.687116 0.308480 
0.020417 0.850935 
0.000932 0.957802 
0.005619 0.970006 
0.425267 0.615469 
0.553361 0.438089 
0.421210 0.613926 
0.570569 0.389733 
0.713673 0.273758 
0.042861 0.957958 
0.601160 0.330320 
0.768194 0.174154 
0.580430 0.491187 
0.481506 0.462494 
0.588070 0.452826 
0.613231 0.415034 
0.711686 0.358051 
0.663113 0.381174 
0.701594 0.321124 
0.198151 0.825036 
0.436142 0.523099 
0.432525 0.500410 
1.102356 0.037782 
0.486481 0.609533 
0.673430 0.436121 
0.216891 0.814772 
0.260803 0.738739 
0.214135 0.811675 
0.821778 0.233060 
0.091273 0.940046 
0.603246 0.374854 
0.019494 0.963180 
0.691888 0.301027 
0.501748 0.533778 
0.863309 0.040601 
0.833525 0.092156 
0.222556 0.688939 
0.298651 0.666382 
0.999361 0.015014 
0.722320 0.330831 
0.490842 0.570116 
0.040465 0.894865 
0.946205 0.134818 
0.753887 0.156912 
0.841740 0.241168 
0.266134 0.681099 
0.984590 0.064789 
0.335902 0.758123 
0.165276 0.908328 
0.836949 0.181772 
0.357447 0.619534 
0.862710 0.174713 
0.909634 0.054005 
0.099405 0.947698 
0.453381 0.549685 
0.160646 0.860556 
0.413836 0.579888 
0.251972 0.770849 
0.898226 0.105684 
0.558655 0.402483 
0.719758 0.255628 
0.969671 0.125141 
0.853862 0.192770 
0.910144 0.143263 
0.560613 0.441576 
0.723559 0.305574 
0.026031 0.918395 
0.785193 0.146673 
0.485709 0.484392 
0.281323 0.724612 
0.707113 0.373662 
0.592959 0.377380 
0.021809 0.902799 
0.781292 0.115736 
0.380478 0.671257 
0.105177 0.905185 
0.194024 0.719916 
1.039552 0.019889 
0.038490 0.981614 
0.091996 0.892229 
0.372788 0.599505 
0.307836 0.688041 
0.341330 0.662326 
0.056162 0.963444 
0.480475 0.507140 
0.175493 0.740788 
0.775658 0.273296 
0.263335 0.752222 
0.780858 0.173211 
0.948880 0.103318 
0.865114 0.096390 
0.518770 0.623619 
0.290202 0.636316 
