0.047166 0.759383 0.285457 
0.552763 0.054109 0.787412 
0.525011 0.312803 0.743800 
0.458827 0.489722 0.532257 
0.685584 0.353180 0.603949 
0.644120 0.284398 0.408078 
0.792527 0.317053 0.125928 
0.540613 0.576501 0.433802 
0.363491 0.048207 0.863564 
0.066509 0.398615 0.911230 
0.019772 0.354284 0.875194 
0.704343 0.291765 0.626398 
0.689131 0.380639 0.585695 
0.057988 0.735087 0.553194 
0.337063 0.352947 0.771955 
0.728138 0.317091 0.161761 
0.028473 0.873778 0.175331 
0.668980 0.729148 0.121984 
0.738583 0.133747 0.530358 
0.767620 0.310173 0.016607 
0.228899 0.839176 0.116262 
0.805586 0.213597 0.196136 
0.352941 0.894048 0.206341 
0.619569 0.547397 0.347698 
0.857250 0.082448 0.194067 
0.324795 0.545195 0.546676 
0.184375 0.632862 0.465687 
0.495032 0.653503 0.456658 
0.529056 0.396805 0.577510 
0.403560 0.858449 0.025478 
0.077293 0.583108 0.807206 
0.091149 0.701784 0.461707 
0.458057 0.378436 0.664565 
0.067915 0.889393 0.135775 
0.504106 0.573327 0.294023 
0.617412 0.592448 0.350421 
0.153186 0.553123 0.737367 
0.477164 0.607487 0.548185 
0.487169 0.625288 0.476374 
0.052627 0.579189 0.712639 
0.689400 0.660199 0.025841 
0.858710 0.137089 0.479486 
0.117551 0.187594 0.877790 
0.491466 0.622228 0.154444 
0.553266 0.800610 0.192573 
0.795891 0.121271 0.371016 
0.468796 0.695051 0.304273 
0.334311 0.783728 0.206787 
0.057568 0.641714 0.694281 
0.341465 0.809438 0.471573 
0.431254 0.589693 0.539336 
0.220402 0.462149 0.708171 
0.319125 0.015813 0.761300 
0.369251 0.070550 0.868052 
0.693108 0.472210 0.543992 
0.878572 0.128147 0.295455 
0.957427 0.094431 0.195266 
0.419773 0.129141 0.717832 
0.220258 0.384414 0.718103 
0.304907 0.732487 0.558089 
0.872162 0.256238 0.353085 
0.612570 0.691558 0.201296 
0.059814 0.116747 0.891391 
0.067896 0.416400 0.834945 
0.273568 0.764781 0.536024 
0.021525 0.089378 0.944336 
0.882550 0.322923 0.323368 
0.510404 0.721185 0.238245 
0.179303 0.724997 0.447339 
0.082941 0.808268 0.537979 
0.179173 0.156371 0.922929 
0.183727 0.789811 0.029027 
0.755978 0.394730 0.143821 
0.046094 0.767263 0.440773 
0.623444 0.278191 0.644940 
0.058535 0.572829 0.644045 
0.002161 0.628800 0.725874 
0.345069 0.225683 0.824283 
0.555118 0.558122 0.287194 
0.193494 0.309667 0.838562 
0.564686 0.442306 0.670768 
0.204665 0.497842 0.814090 
0.719468 0.606777 0.195886 
0.419291 0.108806 0.795337 
0.486888 0.309043 0.718646 
0.281400 0.371050 0.727441 
0.055513 0.929661 0.055510 
0.146644 0.771053 0.535314 
0.629527 0.462003 0.517440 
0.072258 0.088144 0.981408 
0.627533 0.514828 0.316294 
0.624851 0.241881 0.588777 
0.577157 0.419811 0.666671 
0.790532 0.384663 0.362672 
0.268671 0.747152 0.363080 
0.124339 0.363795 0.859919 
0.065953 0.346177 0.723161 
0.076337 0.258341 0.770433 
0.461094 0.646239 0.280152 
0.051686 0.853538 0.435303 
0.936514 0.014967 0.082344 
0.642904 0.206190 0.700409 
0.276070 0.272264 0.921153 
0.919252 0.006264 0.102838 
0.466026 0.634941 0.607306 
0.804995 0.165550 0.380634 
0.413275 0.866179 0.124260 
0.794542 0.300545 0.428885 
0.393860 0.413407 0.585016 
0.379225 0.673933 0.248823 
0.139166 0.612301 0.639319 
0.587928 0.553533 0.145643 
0.667834 0.506560 0.086615 
0.820982 0.519988 0.197909 
0.403369 0.389319 0.580911 
0.561949 0.571565 0.592507 
0.761914 0.217177 0.469741 
0.372564 0.682770 0.560862 
0.547352 0.592387 0.339017 
0.861980 0.191431 0.412401 
0.164745 0.354300 0.785449 
0.894558 0.010211 0.160093 
0.773412 0.260509 0.269056 
0.822322 0.105756 0.268530 
0.579304 0.603142 0.456199 
0.389697 0.694574 0.562139 
0.509248 0.727819 0.285064 
0.086216 0.138771 0.936385 
0.558882 0.691047 0.339575 
0.593498 0.022445 0.725522 
0.253589 0.855351 0.207349 
0.726830 0.092068 0.505007 
0.217151 0.740211 0.533890 
0.109002 0.260498 0.859060 
0.736065 0.300829 0.113161 
0.397268 0.564485 0.614510 
0.795217 0.087803 0.099777 
0.166597 0.288480 0.861255 
0.361314 0.827329 0.114285 
0.138132 0.543098 0.721218 
0.703217 0.491595 0.234792 
0.857575 0.307337 0.398224 
0.645138 0.243947 0.421899 
0.065443 0.410046 0.719697 
0.796825 0.189057 0.314275 
0.691941 0.494897 0.475952 
0.246738 0.512404 0.791746 
0.173846 0.759503 0.604791 
0.501204 0.746776 0.047989 
0.784982 0.510249 0.262610 
0.356810 0.537836 0.745078 
0.152112 0.435843 0.824991 
0.789555 0.282220 0.203849 
0.399362 0.835106 0.285312 
0.295732 0.679939 0.322048 
0.496577 0.763486 0.031295 
0.815513 0.230614 0.515490 
0.577462 0.415287 0.488516 
0.769031 0.425284 0.160820 
0.025507 0.565076 0.769431 
0.455324 0.846814 0.222252 
0.370294 0.476051 0.553477 
0.882762 0.154277 0.275279 
0.766325 0.048995 0.366512 
0.709358 0.188957 0.647226 
0.321643 0.804579 0.491068 
0.625022 0.102286 0.605260 
0.344827 0.604308 0.539257 
0.812297 0.423775 0.020981 
0.014336 0.028218 0.835317 
0.411451 0.467303 0.719808 
0.805975 0.381575 0.137191 
0.551996 0.624299 0.271363 
0.077163 0.219764 0.937062 
0.740337 0.544558 0.144467 
0.537580 0.025200 0.628682 
0.352064 0.821674 0.386730 
0.679981 0.017697 0.455169 
0.908437 0.204965 0.128927 
0.581809 0.635111 0.283481 
0.663001 0.526196 0.461067 
0.362435 0.711120 0.263320 
0.254056 0.530397 0.744366 
0.319127 0.713777 0.390282 
0.225391 0.135163 0.787082 
0.838972 0.255379 0.155069 
0.193844 0.728394 0.537895 
0.058068 0.436606 0.885580 
0.118921 0.801837 0.518026 
0.743614 0.255524 0.223707 
0.477133 0.744531 0.134513 
0.928939 0.158015 0.105664 
0.584435 0.661766 0.260796 
0.713010 0.493516 0.129679 
0.153830 0.684109 0.547800 
0.877636 0.076308 0.140276 
0.250606 0.543123 0.710728 
0.673788 0.236994 0.670554 
0.687939 0.490487 0.273214 
0.589203 0.400128 0.537265 
0.276407 0.564020 0.751257 
0.122593 0.605834 0.672236 
0.723350 0.481061 0.191899 
0.676943 0.046167 0.499204 
0.407886 0.015045 0.700897 
0.870095 0.079751 0.429678 
0.647230 0.402233 0.331193 
0.877110 0.354446 0.026334 
0.405893 0.216171 0.686579 
0.589730 0.590458 0.301270 
0.325636 0.917399 0.100602 
0.206521 0.129780 0.796474 
0.694549 0.413839 0.048393 
0.423140 0.351997 0.642873 
0.805633 0.416174 0.289198 
0.689398 0.453739 0.482872 
0.589555 0.467547 0.294888 
0.713181 0.029960 0.392757 
0.358134 0.795474 0.121924 
0.276760 0.804341 0.035328 
0.213535 0.866544 0.237440 
0.700646 0.102477 0.442958 
0.131078 0.159327 0.953167 
0.249330 0.190084 0.909189 
0.418339 0.747897 0.015609 
0.422142 0.270970 0.823668 
0.003898 0.829745 0.414360 
0.909778 0.158658 0.126019 
0.574395 0.012551 0.559351 
0.363991 0.508006 0.665448 
0.493758 0.418627 0.662573 
0.195270 0.844646 0.483148 
0.354653 0.663944 0.548808 
0.401861 0.551236 0.607786 
0.163057 0.886497 0.157887 
0.665328 0.592252 0.190719 
0.611106 0.578252 0.417897 
0.177353 0.800780 0.193523 
0.784672 0.016850 0.394023 
0.434844 0.712363 0.266148 
0.191913 0.171261 0.823710 
0.280026 0.494928 0.648573 
0.891706 0.029065 0.298790 
0.333622 0.904247 0.048290 
0.507294 0.734697 0.203860 
0.450242 0.854383 0.040484 
0.161981 0.929960 0.263917 
0.401347 0.521432 0.737898 
0.218510 0.727352 0.394040 
0.866410 0.025752 0.359771 
0.930266 0.158233 0.000172 
0.251683 0.588022 0.544447 
0.266287 0.108685 0.856036 
0.860808 0.019238 0.134886 
0.418526 0.189834 0.842769 
0.351020 0.694538 0.473338 
0.182783 0.191178 0.758799 
0.217150 0.341703 0.823164 
0.260555 0.782933 0.319678 
0.104457 0.677762 0.584435 
0.677133 0.549525 0.020566 
0.336298 0.821783 0.295395 
0.961106 0.052742 0.101591 
0.064178 0.840855 0.184131 
0.212748 0.517478 0.789331 
0.354530 0.619790 0.556526 
0.817127 0.076380 0.035710 
0.577427 0.296001 0.472993 
0.728464 0.210936 0.468441 
0.090996 0.099769 0.793434 
0.407168 0.194735 0.728884 
0.284994 0.853860 0.362985 
0.681197 0.226751 0.371622 
0.442266 0.487262 0.539329 
0.138038 0.419842 0.810947 
0.171240 0.932664 0.083300 
0.145835 0.237227 0.836342 
0.756679 0.372299 0.225474 
0.597135 0.351485 0.656795 
0.283019 0.440642 0.717241 
0.855920 0.374528 0.228769 
0.826901 0.370831 0.410003 
0.392518 0.790164 0.355463 
0.883537 0.097592 0.240460 
0.739291 0.072538 0.496862 
0.172200 0.502874 0.747465 
0.643013 0.434335 0.306576 
0.748283 0.014068 0.331585 
0.667347 0.642174 0.323896 
0.802379 0.583454 0.016489 
0.737659 0.175044 0.319295 
0.182160 0.646482 0.507076 
0.149603 0.422865 0.680338 
0.692175 0.007863 0.685589 
0.624793 0.685682 0.171369 
0.758103 0.385296 0.149063 
0.038051 0.692462 0.624150 
0.391479 0.570845 0.505081 
0.056232 0.160881 0.913326 
0.718812 0.558728 0.300759 
0.397355 0.907040 0.099303 
0.088351 0.541546 0.676841 
0.158162 0.288816 0.747439 
0.561478 0.618438 0.009295 
0.404586 0.132189 0.770929 
0.454339 0.471060 0.621244 
0.171082 0.401546 0.773420 
0.721101 0.584954 0.321692 
0.808753 0.218623 0.320489 
0.772571 0.115513 0.477175 
0.071151 0.922938 0.137338 
0.576841 0.395236 0.419923 
0.766126 0.324931 0.054644 
0.411886 0.664104 0.616704 
0.420176 0.854226 0.228957 
0.722484 0.312044 0.285845 
0.677610 0.001332 0.680327 
0.981500 0.114109 0.127683 
0.523382 0.306752 0.596279 
0.157340 0.674580 0.717862 
0.085451 0.046651 0.794216 
0.756483 0.375746 0.395483 
0.457386 0.201640 0.670547 
0.571536 0.564864 0.527236 
0.383147 0.633383 0.326164 
0.456932 0.156885 0.735947 
0.629201 0.069065 0.563187 
0.441552 0.636685 0.385723 
0.794326 0.495390 0.314524 
0.519778 0.497448 0.447227 
0.198299 0.758065 0.230181 
0.031958 0.940541 0.018984 
0.240699 0.478921 0.690540 
0.768164 0.147277 0.374743 
0.079409 0.870002 0.431575 
0.703549 0.436969 0.149352 
0.034290 0.535257 0.691496 
0.852271 0.496364 0.024893 
0.529103 0.177502 0.801327 
0.754294 0.188474 0.413922 
0.678505 0.186232 0.517213 
0.390260 0.713725 0.527636 
0.050356 0.767970 0.273523 
0.523266 0.455818 0.488397 
0.601161 0.075749 0.696390 
0.932991 0.296041 0.058237 
0.957084 0.250455 0.070637 
0.005896 0.925851 0.057324 
0.357207 0.860556 0.109811 
0.428923 0.741057 0.143387 
0.257659 0.026993 0.763479 
0.765443 0.283737 0.560737 
0.829993 0.335226 0.226399 
0.916125 0.171642 0.302670 
0.356442 0.389288 0.829145 
0.725066 0.309180 0.261622 
0.003315 0.098072 0.810983 
0.039906 0.802288 0.038869 
0.715852 0.402465 0.175786 
0.357611 0.779633 0.512950 
0.873371 0.034290 0.133513 
0.767146 0.550580 0.055422 
0.870491 0.300523 0.294210 
0.424793 0.378675 0.631146 
0.079432 0.500053 0.660210 
0.208958 0.594129 0.539320 
0.427745 0.837508 0.222198 
0.613989 0.303535 0.548916 
0.797557 0.362532 0.475050 
0.785209 0.529335 0.240063 
0.315377 0.515651 0.752419 
0.667558 0.495325 0.303427 
0.156060 0.189022 0.932013 
0.838065 0.472859 0.109094 
0.204762 0.728385 0.286944 
0.620240 0.375338 0.374699 
0.089061 0.921216 0.321064 
0.713589 0.124882 0.350390 
0.839046 0.456550 0.126994 
0.344301 0.580365 0.660543 
0.475287 0.405230 0.568048 
0.217561 0.182146 0.902711 
0.318985 0.782359 0.132345 
0.700294 0.100856 0.519031 
0.474031 0.853582 0.076611 
0.034327 0.805010 0.535762 
0.510908 0.213570 0.724383 
0.496537 0.472915 0.699118 
0.407250 0.331818 0.779954 
0.753142 0.175748 0.242289 
0.367540 0.372677 0.710594 
0.736957 0.019148 0.441427 
0.711151 0.355222 0.521309 
0.042729 0.527317 0.827515 
0.458007 0.789838 0.218685 
0.908630 0.349304 0.077217 
0.051770 0.927475 0.247880 
0.405377 0.150991 0.792344 
0.680420 0.390695 0.512838 
0.799089 0.239722 0.499104 
0.301513 0.546221 0.720127 
0.597213 0.593441 0.132132 
0.316728 0.260943 0.908584 
0.443118 0.538880 0.631346 
0.617109 0.603448 0.080203 
0.557341 0.572012 0.202291 
0.544580 0.653108 0.355084 
0.530088 0.762552 0.365665 
0.387267 0.765837 0.471833 
0.970861 0.221530 0.021718 
0.600854 0.104348 0.716148 
0.731900 0.642501 0.110526 
0.359306 0.136363 0.809790 
0.387957 0.376863 0.727536 
0.404863 0.450593 0.590068 
0.860512 0.285266 0.161469 
0.781448 0.184567 0.492057 
0.154307 0.121216 0.910186 
0.171048 0.333803 0.909892 
0.443870 0.745828 0.476342 
0.571784 0.616353 0.061974 
0.380439 0.116824 0.758509 
0.867834 0.128633 0.242933 
0.405012 0.712248 0.385927 
0.902403 0.066217 0.124722 
0.787258 0.032626 0.540283 
0.635471 0.527379 0.083688 
0.328572 0.472258 0.812410 
0.672184 0.556807 0.142746 
0.619186 0.142329 0.757787 
0.835541 0.204366 0.213942 
0.804278 0.309316 0.263941 
0.666188 0.426312 0.355883 
0.664489 0.635531 0.141834 
0.007237 0.945279 0.083066 
0.635653 0.657035 0.160691 
0.167410 0.262398 0.782782 
0.506741 0.497426 0.660351 
0.098826 0.578110 0.615032 
0.088660 0.825638 0.164873 
0.520025 0.639257 0.411562 
0.670629 0.484929 0.083424 
0.841835 0.120583 0.015297 
0.338523 0.503846 0.624778 
0.029083 0.404172 0.803324 
0.045811 0.072308 0.909636 
0.807782 0.285989 0.487746 
0.121631 0.148214 0.865765 
0.110443 0.768489 0.516535 
0.461747 0.466810 0.658685 
0.709023 0.620815 0.158285 
0.148240 0.686043 0.686521 
0.811840 0.539814 0.049981 
0.004509 0.912726 0.183828 
0.142526 0.763395 0.243922 
0.742756 0.568814 0.114305 
0.626153 0.650469 0.126314 
0.082487 0.333069 0.899958 
0.539731 0.675438 0.220634 
0.577289 0.703699 0.376113 
0.641524 0.479953 0.379671 
0.436328 0.711079 0.468148 
0.713566 0.107274 0.399680 
0.534836 0.462495 0.645493 
0.714933 0.068270 0.559588 
0.487885 0.144886 0.724952 
0.599103 0.064564 0.733671 
0.160700 0.839555 0.110773 
0.194933 0.504697 0.733328 
0.822147 0.449231 0.067915 
0.580365 0.323726 0.537395 
0.826362 0.427055 0.234714 
0.758274 0.188929 0.380493 
0.245401 0.714023 0.619784 
0.887665 0.048865 0.362204 
0.400840 0.288596 0.820570 
0.426036 0.337211 0.654234 
0.002735 0.435852 0.846366 
0.373882 0.276918 0.864295 
0.008510 0.583103 0.729192 
0.739711 0.571944 0.147708 
0.074269 0.862317 0.191868 
0.792571 0.220067 0.117651 
0.325533 0.785399 0.317219 
0.401443 0.869312 0.054118 
0.519773 0.526841 0.335248 
0.434457 0.855713 0.277444 
0.635094 0.658265 0.362848 
0.033159 0.076423 0.914784 
0.272198 0.583220 0.731094 
0.207637 0.017364 0.804006 
0.076104 0.180121 0.829231 
0.745344 0.259193 0.543244 
0.538835 0.545772 0.535944 
0.449278 0.098311 0.774288 
0.653174 0.100213 0.583070 
0.714371 0.232425 0.507140 
0.749777 0.138066 0.289607 
0.673505 0.462987 0.429906 
0.785024 0.440760 0.338378 
0.487716 0.823443 0.102567 
0.023485 0.366337 0.729692 
0.776775 0.140309 0.272564 
0.702809 0.145982 0.660348 
0.206255 0.839294 0.313201 
0.147009 0.792289 0.068011 
0.280010 0.255717 0.847506 
0.412241 0.806736 0.262106 
0.822348 0.075686 0.539086 
0.803287 0.526265 0.235773 
0.374692 0.747907 0.316650 
0.500891 0.444493 0.569211 
0.569994 0.659460 0.086842 
0.128500 0.206671 0.795117 
0.015046 0.036235 0.902603 
0.174602 0.770655 0.392891 
0.466831 0.174690 0.776178 
0.862420 0.302125 0.207460 
0.735386 0.217854 0.633379 
0.042204 0.725850 0.607052 
0.596220 0.303410 0.656959 
0.064993 0.238420 0.899663 
0.808604 0.086852 0.248079 
0.047080 0.944897 0.155250 
0.822677 0.348863 0.075424 
0.803486 0.004625 0.335983 
0.035704 0.808174 0.407844 
0.653925 0.149003 0.706537 
0.192032 0.514738 0.811653 
0.529001 0.647145 0.421631 
0.299846 0.527027 0.542110 
0.823873 0.220796 0.341835 
0.513518 0.350207 0.704578 
0.708601 0.552405 0.046277 
0.103627 0.882261 0.057391 
0.739120 0.240537 0.427334 
0.522770 0.646174 0.200696 
0.122571 0.854339 0.267783 
0.596889 0.339039 0.451268 
0.918460 0.309772 0.020433 
0.743516 0.474344 0.009436 
0.060473 0.647500 0.744334 
0.645506 0.112700 0.585018 
0.763004 0.151071 0.299411 
0.682618 0.421505 0.361135 
0.058591 0.506065 0.771939 
0.420777 0.805443 0.361572 
0.051666 0.651776 0.728860 
0.086213 0.810328 0.268186 
0.763371 0.257591 0.463423 
0.685619 0.306663 0.378257 
0.727599 0.260284 0.608071 
0.365928 0.305073 0.752661 
0.335561 0.198049 0.832282 
0.722367 0.031305 0.385810 
0.435746 0.514218 0.561652 
0.263158 0.403338 0.668033 
0.118214 0.820126 0.100181 
0.574003 0.203179 0.548374 
0.703657 0.438792 0.179865 
0.935024 0.221103 0.218840 
0.466416 0.544809 0.652395 
0.908084 0.224076 0.329699 
0.296665 0.551906 0.726376 
0.906806 0.118291 0.029988 
0.696677 0.514733 0.069659 
0.020069 0.880870 0.178219 
0.176344 0.697609 0.490644 
0.302765 0.326604 0.813651 
0.630393 0.506855 0.065535 
0.780547 0.078144 0.382342 
0.309544 0.882130 0.193698 
0.682827 0.299048 0.348487 
0.559072 0.798548 0.050599 
0.621169 0.188637 0.519473 
0.165333 0.377697 0.811322 
0.792046 0.269178 0.475895 
0.343996 0.758517 0.095140 
0.585439 0.586553 0.253291 
0.899372 0.020673 0.147938 
0.844053 0.461017 0.213289 
0.757264 0.476995 0.286651 
0.204427 0.207304 0.887234 
0.300960 0.756597 0.047764 
0.914234 0.327940 0.137265 
0.440838 0.441037 0.674590 
0.214307 0.694137 0.483789 
0.106353 0.093132 0.870664 
0.503956 0.619573 0.438114 
0.528996 0.725929 0.134532 
0.952842 0.229106 0.043487 
0.656385 0.649345 0.304725 
0.216606 0.428525 0.696022 
0.794806 0.378416 0.217768 
0.451250 0.873619 0.038760 
0.051719 0.486098 0.810003 
0.579671 0.265696 0.701401 
0.415776 0.325050 0.707751 
0.392606 0.545660 0.441941 
0.502769 0.312439 0.702663 
0.642883 0.045420 0.531904 
0.080600 0.851671 0.100488 
0.375767 0.347075 0.824824 
0.442182 0.613092 0.328140 
0.267539 0.849592 0.174243 
0.237901 0.559732 0.739777 
0.106541 0.734367 0.549088 
0.031795 0.816461 0.091770 
0.920587 0.277948 0.176601 
0.415723 0.062742 0.688387 
0.408689 0.069575 0.900043 
0.939588 0.322483 0.112580 
0.667857 0.341149 0.408504 
0.203818 0.746753 0.393790 
0.476637 0.213207 0.736729 
0.733779 0.277694 0.578967 
0.748416 0.210526 0.313134 
0.291189 0.442136 0.617071 
0.767615 0.151461 0.305880 
0.055963 0.550719 0.716417 
0.305743 0.041872 0.949201 
0.239789 0.041534 0.851056 
0.101681 0.802893 0.511090 
0.524502 0.560756 0.351707 
0.714715 0.421499 0.266489 
0.704208 0.389048 0.044106 
0.267502 0.047023 0.879934 
0.886529 0.175565 0.217468 
0.503440 0.170724 0.807734 
0.449519 0.266225 0.808100 
0.714110 0.063185 0.386007 
0.811726 0.035759 0.401539 
0.461024 0.632732 0.194401 
0.035311 0.675299 0.545345 
0.284950 0.777246 0.508891 
0.186343 0.312615 0.770145 
0.291695 0.778905 0.068982 
0.849576 0.169727 0.078755 
0.768760 0.173749 0.214387 
0.536048 0.285835 0.778157 
0.487950 0.576554 0.504774 
0.911207 0.339682 0.102137 
0.560223 0.145383 0.677350 
0.470542 0.764072 0.179591 
0.568897 0.478489 0.325386 
0.411671 0.180730 0.855706 
0.427228 0.031721 0.896315 
0.388375 0.595932 0.528676 
0.034092 0.350683 0.865770 
0.457405 0.662763 0.093533 
0.870702 0.299272 0.144960 
0.064002 0.987971 0.026757 
0.478638 0.809784 0.078569 
0.244132 0.780614 0.025848 
0.054955 0.788539 0.323468 
0.891901 0.294549 0.155835 
0.683678 0.170282 0.656166 
0.607807 0.623164 0.318231 
0.021805 0.656080 0.651811 
0.640562 0.534737 0.497736 
0.521390 0.411486 0.515328 
0.621768 0.615008 0.022414 
0.871442 0.353838 0.255967 
0.302772 0.523026 0.735181 
0.087512 0.094901 0.857387 
0.227064 0.324134 0.897557 
0.318917 0.805684 0.222309 
0.199442 0.357138 0.817208 
0.238422 0.645127 0.523575 
0.896789 0.235413 0.285811 
0.882399 0.454371 0.107196 
0.731042 0.233177 0.455702 
0.019767 0.342159 0.757041 
0.329242 0.752877 0.004251 
0.826250 0.441746 0.147912 
0.273444 0.462250 0.703131 
0.155071 0.671021 0.496028 
0.386615 0.479668 0.696968 
0.279325 0.042764 0.774223 
0.538535 0.202695 0.769525 
0.332768 0.219790 0.696551 
0.829316 0.107255 0.120981 
0.658606 0.508325 0.339897 
0.440707 0.606445 0.503825 
0.606158 0.653943 0.293757 
0.375887 0.552968 0.452112 
0.374544 0.257187 0.858427 
0.091350 0.200114 0.815701 
0.038736 0.106279 0.796439 
0.178597 0.497957 0.606268 
0.111954 0.867658 0.429822 
0.524329 0.758528 0.148846 
0.399306 0.846572 0.164128 
0.347364 0.857876 0.058169 
0.300671 0.773455 0.302913 
0.241237 0.876134 0.127248 
0.335726 0.858439 0.140998 
0.213410 0.160033 0.921107 
0.012655 0.826180 0.278664 
0.819097 0.053990 0.540719 
0.178470 0.762150 0.302115 
0.228787 0.636127 0.503689 
0.878204 0.112741 0.091892 
0.608910 0.137686 0.623770 
0.793266 0.012424 0.591889 
0.527833 0.825521 0.151907 
0.640067 0.671185 0.099532 
0.800793 0.431122 0.179748 
0.932384 0.290032 0.050551 
0.337071 0.788855 0.496357 
0.481022 0.619693 0.202834 
0.685439 0.122168 0.418937 
0.618213 0.470669 0.373486 
0.228524 0.970072 0.029193 
0.087659 0.376707 0.780888 
0.560517 0.369427 0.463193 
0.116004 0.351701 0.829047 
0.964420 0.081644 0.235164 
0.321846 0.809774 0.297233 
0.259067 0.125547 0.834636 
0.504754 0.780965 0.206079 
0.323275 0.529018 0.540623 
0.721968 0.238640 0.626631 
0.224991 0.274450 0.762951 
0.370443 0.687775 0.619738 
0.313582 0.245682 0.875012 
0.657159 0.610060 0.159289 
0.085485 0.239128 0.866247 
0.192137 0.370056 0.907026 
0.299482 0.752420 0.219104 
0.693713 0.208796 0.649710 
0.111751 0.543302 0.762731 
0.487569 0.263434 0.634428 
0.447850 0.317679 0.783135 
0.333896 0.038897 0.935701 
0.660216 0.082350 0.724110 
0.182084 0.882885 0.059137 
0.027578 0.566075 0.722977 
0.886878 0.136682 0.255147 
0.521660 0.664737 0.143427 
0.407432 0.720069 0.374499 
0.890519 0.090864 0.136459 
0.261742 0.039322 0.799678 
0.710954 0.439540 0.413801 
0.621433 0.679079 0.304018 
0.432904 0.250881 0.747333 
0.659355 0.318321 0.367439 
0.427353 0.543105 0.607069 
0.099538 0.698775 0.386969 
0.717305 0.276746 0.497500 
0.721421 0.395099 0.426564 
0.331708 0.280563 0.713002 
0.172540 0.287031 0.765596 
0.342601 0.613685 0.404570 
0.453230 0.439774 0.583364 
0.124232 0.466682 0.689063 
0.702443 0.229596 0.637034 
0.538045 0.725614 0.266046 
0.428902 0.833476 0.299273 
0.608934 0.003435 0.535183 
0.173228 0.688414 0.670859 
0.396759 0.184051 0.762215 
0.784666 0.106637 0.473999 
0.371336 0.506092 0.508988 
0.555382 0.173597 0.704199 
0.371398 0.320538 0.834165 
0.042568 0.315326 0.824223 
0.290903 0.647647 0.680642 
0.768892 0.037816 0.376681 
0.397284 0.696670 0.189632 
0.777956 0.193562 0.249804 
0.361628 0.655927 0.427220 
0.397519 0.133273 0.896641 
0.609769 0.558261 0.299289 
0.822621 0.467425 0.082733 
0.201989 0.080196 0.815711 
0.143099 0.677234 0.489704 
0.251556 0.266308 0.825087 
0.282905 0.518832 0.659967 
0.797694 0.208178 0.437818 
0.272178 0.936364 0.149813 
0.623987 0.228257 0.738837 
0.680216 0.191789 0.706135 
0.529685 0.229283 0.783172 
0.316416 0.734627 0.182176 
0.237517 0.373067 0.880388 
0.498760 0.735237 0.455865 
0.629708 0.408075 0.596502 
0.403227 0.446461 0.528571 
0.849599 0.082224 0.315456 
0.079222 0.624691 0.739475 
0.026358 0.124432 0.918976 
0.658871 0.692960 0.032304 
0.448302 0.670162 0.128066 
0.662294 0.473508 0.103041 
0.414123 0.476383 0.581707 
0.378259 0.887264 0.256560 
0.257484 0.874763 0.278376 
0.127724 0.150152 0.900710 
0.299546 0.693859 0.398980 
0.814109 0.010891 0.419337 
0.261224 0.850558 0.043095 
0.274403 0.302046 0.776823 
0.077636 0.451166 0.877165 
0.665499 0.402569 0.479967 
0.664583 0.401904 0.420989 
0.318476 0.643095 0.512519 
0.773180 0.089839 0.244247 
0.422697 0.792076 0.051088 
0.443081 0.652492 0.471868 
0.139953 0.840731 0.159169 
0.347834 0.299402 0.678491 
0.505580 0.162840 0.661882 
0.277907 0.040582 0.953159 
0.343144 0.413059 0.751538 
0.223299 0.433939 0.730429 
0.338686 0.743375 0.439424 
0.275877 0.838475 0.017799 
0.014757 0.074404 0.838303 
0.527149 0.616449 0.509308 
0.799378 0.084863 0.291050 
0.294076 0.241917 0.912710 
0.140933 0.652721 0.559060 
0.218285 0.446711 0.698737 
0.792812 0.334327 0.494838 
0.595713 0.682729 0.015366 
0.594242 0.728029 0.147295 
0.337646 0.860073 0.138210 
0.778873 0.351672 0.137846 
0.546404 0.172595 0.803632 
0.359889 0.091331 0.826250 
0.403179 0.618479 0.606125 
0.570793 0.325354 0.513462 
0.780807 0.215664 0.479244 
0.296142 0.552398 0.622481 
0.769505 0.278659 0.367169 
0.388829 0.706279 0.546754 
0.394620 0.653275 0.392121 
0.907938 0.284742 0.088357 
0.647641 0.418685 0.462729 
0.213456 0.270255 0.726575 
0.794891 0.302986 0.133667 
0.683041 0.057653 0.413319 
0.847614 0.300107 0.411353 
0.413135 0.546129 0.448870 
0.108946 0.647995 0.684093 
0.824566 0.059320 0.164678 
0.799052 0.012452 0.332707 
0.177437 0.841089 0.390939 
0.069331 0.688413 0.551045 
0.475069 0.101663 0.749183 
0.365802 0.709520 0.501640 
0.177148 0.864449 0.415386 
0.281035 0.764963 0.537736 
0.528926 0.598723 0.319568 
0.715740 0.252970 0.258908 
0.382170 0.853018 0.185248 
0.863202 0.284452 0.101999 
0.791621 0.473721 0.065346 
0.554223 0.801791 0.143299 
0.449205 0.557927 0.474279 
0.460559 0.350217 0.701679 
0.101642 0.701669 0.430055 
0.302373 0.290294 0.803983 
0.890439 0.331727 0.226469 
0.181084 0.934705 0.277675 
0.731211 0.218964 0.546744 
0.619726 0.410980 0.429420 
0.888306 0.453618 0.034374 
0.743588 0.281898 0.575785 
0.384836 0.370750 0.754279 
0.422681 0.671909 0.496861 
0.965410 0.079616 0.030915 
0.043343 0.481927 0.686632 
0.252879 0.842862 0.257652 
0.077882 0.785396 0.543823 
0.862011 0.332801 0.128827 
0.375194 0.630505 0.632075 
0.100500 0.853246 0.130432 
0.246736 0.700360 0.391647 
0.417446 0.665191 0.591223 
0.780268 0.412151 0.367097 
0.029547 0.815685 0.241503 
0.022920 0.744363 0.512545 
0.878361 0.111676 0.021565 
0.926607 0.035700 0.119149 
0.628777 0.354099 0.494852 
0.050464 0.836007 0.119510 
0.219400 0.453064 0.669229 
0.339341 0.593213 0.641958 
0.819602 0.224869 0.253269 
0.767100 0.231980 0.375911 
0.618658 0.458827 0.598819 
0.318917 0.097643 0.732351 
0.546029 0.459732 0.475164 
0.603215 0.742538 0.043100 
0.790386 0.463901 0.174912 
0.325844 0.772116 0.074733 
0.731951 0.566979 0.063055 
0.678991 0.525409 0.255212 
0.935821 0.256775 0.240732 
0.147704 0.527539 0.616467 
0.790521 0.279135 0.336220 
0.430390 0.851940 0.075324 
0.122250 0.376876 0.783523 
0.365518 0.676940 0.481584 
0.623678 0.504426 0.444272 
0.100634 0.095470 0.850447 
0.065055 0.833227 0.212873 
0.097107 0.184923 0.833802 
0.201128 0.884332 0.048730 
0.175897 0.362863 0.744722 
0.364216 0.785510 0.342152 
0.023917 0.835762 0.287952 
0.803390 0.007925 0.384469 
0.716090 0.436592 0.006327 
0.427042 0.432792 0.570323 
0.015196 0.284936 0.836942 
0.278521 0.586744 0.539098 
0.563767 0.759945 0.103181 
0.256625 0.621206 0.454242 
0.541638 0.607896 0.479637 
0.063426 0.872935 0.436018 
0.474124 0.463994 0.650862 
0.397783 0.769466 0.150780 
0.439810 0.811380 0.298073 
0.440393 0.793485 0.008720 
0.840594 0.143968 0.021609 
0.146670 0.503616 0.648097 
0.353978 0.076481 0.744375 
0.223960 0.750935 0.474592 
0.819222 0.316635 0.033948 
0.579345 0.405285 0.614019 
0.805134 0.256436 0.049491 
0.581240 0.501663 0.577131 
0.598983 0.265539 0.675934 
0.815363 0.253353 0.236834 
0.772057 0.625609 0.077387 
0.216121 0.875862 0.294622 
0.739479 0.567170 0.227224 
0.483082 0.629262 0.536179 
0.935921 0.086802 0.220614 
0.560302 0.575913 0.495520 
0.470943 0.388541 0.659389 
0.969228 0.066991 0.123618 
0.795947 0.599038 0.047740 
0.732793 0.503351 0.308251 
0.849153 0.169193 0.306814 
0.327254 0.658651 0.647497 
0.761693 0.108681 0.520692 
0.641426 0.361394 0.320988 
0.157607 0.163093 0.779745 
0.484034 0.632893 0.093269 
0.074280 0.826560 0.003642 
0.326980 0.833238 0.169207 
0.797557 0.202058 0.319286 
0.718272 0.070084 0.532455 
0.656513 0.261527 0.677389 
0.046303 0.574533 0.713788 
0.316213 0.204581 0.750629 
0.479752 0.523198 0.663568 
0.806701 0.100767 0.353348 
0.764497 0.298361 0.467290 
0.384253 0.558351 0.648959 
0.096330 0.810147 0.552019 
0.391557 0.411750 0.656588 
0.626557 0.390859 0.364565 
0.225363 0.433312 0.745147 
0.640131 0.480589 0.225910 
0.736450 0.444191 0.230033 
0.134483 0.352268 0.760422 
0.543931 0.709503 0.088732 
0.229846 0.203368 0.937548 
0.345004 0.062231 0.787037 
0.411892 0.718297 0.307554 
0.526825 0.246969 0.623981 
0.758522 0.427855 0.280594 
0.333165 0.415243 0.831767 
0.712223 0.160479 0.501629 
0.599149 0.351350 0.623805 
0.551377 0.345163 0.705143 
0.062128 0.662490 0.728651 
0.054686 0.977234 0.157781 
0.801806 0.497660 0.200745 
0.200710 0.939208 0.014916 
0.576027 0.365238 0.450623 
0.202306 0.868865 0.438583 
0.093383 0.952927 0.054487 
0.545438 0.125795 0.612724 
0.119775 0.164178 0.942117 
0.465295 0.531084 0.619843 
0.388730 0.018302 0.768142 
0.639327 0.529898 0.056434 
0.703158 0.261299 0.636652 
0.690613 0.098876 0.490358 
0.247981 0.780254 0.053858 
0.635864 0.128063 0.739940 
0.543561 0.584595 0.559912 
0.494610 0.800937 0.138528 
0.081648 0.245205 0.837342 
