0.286258 0.631258 0.026597 
0.130475 0.434430 0.450275 
0.774951 0.115260 0.101149 
0.171678 0.933390 0.009226 
0.039985 0.901195 0.007460 
0.023177 0.929164 0.015724 
0.609141 0.216902 0.169947 
0.805521 0.195424 0.040918 
0.214842 0.385910 0.392224 
0.160290 0.570645 0.236307 
0.218431 0.412941 0.388577 
0.181170 0.105477 0.790175 
0.446697 0.285712 0.258042 
0.116052 0.450000 0.375585 
0.747482 0.257183 0.088564 
0.080958 0.286668 0.463435 
0.643003 0.221416 0.162352 
0.231974 0.495344 0.412624 
0.175982 0.461961 0.412203 
0.493813 0.275387 0.169311 
0.182859 0.366792 0.450957 
0.037899 0.028586 0.915021 
0.020387 0.707682 0.225549 
0.014078 0.688497 0.350143 
0.110872 0.157881 0.762650 
0.365969 0.467414 0.251053 
0.497399 0.322517 0.218532 
0.638903 0.089751 0.419597 
0.023591 0.404775 0.480186 
0.108262 0.477435 0.269424 
0.319799 0.112704 0.374598 
0.108110 0.318283 0.752323 
0.515442 0.035513 0.347968 
0.540173 0.401895 0.063186 
0.479734 0.174135 0.169597 
0.021212 0.091883 0.851122 
0.218729 0.735645 0.085197 
0.343881 0.532753 0.177710 
0.236193 0.100024 0.608543 
0.613580 0.131875 0.287987 
0.810109 0.020644 0.180108 
0.268459 0.670027 0.047457 
0.119621 0.675789 0.156166 
0.304396 0.321441 0.424504 
0.750945 0.168647 0.113384 
0.351685 0.349817 0.164168 
0.430891 0.254325 0.355034 
0.459036 0.131984 0.416471 
0.062506 0.306231 0.466413 
0.334860 0.029596 0.520608 
0.501874 0.248481 0.244711 
0.015932 0.331190 0.765079 
0.230415 0.603218 0.219298 
0.306762 0.226683 0.466938 
0.280946 0.211105 0.492572 
0.296530 0.256225 0.480694 
0.900170 0.041098 0.180240 
0.453163 0.159226 0.462791 
0.066852 0.200151 0.611413 
0.552187 0.413871 0.026976 
0.218999 0.145479 0.642745 
0.292258 0.361879 0.349833 
0.660633 0.017367 0.345039 
0.142231 0.620636 0.247953 
0.277023 0.749485 0.076860 
0.206803 0.551726 0.229192 
0.200772 0.060501 0.558646 
0.087884 0.636707 0.211427 
0.514232 0.269217 0.412054 
0.209766 0.784835 0.006721 
0.056710 0.843249 0.200228 
0.589801 0.054278 0.291822 
0.626121 0.309315 0.230894 
0.090730 0.243835 0.645537 
0.159470 0.083472 0.742781 
0.618567 0.171117 0.379358 
0.873139 0.046148 0.279519 
0.723845 0.203171 0.021510 
0.676015 0.228262 0.119342 
0.639591 0.383016 0.017171 
0.146004 0.016533 1.091462 
0.345915 0.101076 0.504367 
0.411598 0.607850 0.106768 
0.735101 0.244151 0.041477 
0.189774 0.616475 0.214569 
0.147017 0.072854 0.697882 
0.279077 0.056973 0.519346 
0.356258 0.070406 0.529779 
0.122017 0.019800 0.963852 
0.661490 0.308618 0.086110 
0.209935 0.558473 0.211317 
0.723314 0.310495 0.148603 
0.240284 0.073913 0.607502 
0.520415 0.223451 0.164188 
0.180065 0.281228 0.573907 
0.368620 0.238242 0.363815 
0.646585 0.127798 0.068479 
0.193914 0.249420 0.477729 
0.124727 0.607025 0.218356 
0.039027 0.107385 0.836580 
0.552311 0.201974 0.281540 
0.136239 0.008642 0.807900 
0.985251 0.067599 0.002264 
0.280142 0.495300 0.313881 
0.602096 0.306607 0.004947 
0.615251 0.132221 0.148858 
0.861318 0.106085 0.071108 
0.731093 0.135093 0.090017 
0.588829 0.283365 0.188785 
0.248053 0.656606 0.161866 
0.221137 0.134616 0.568005 
0.288856 0.509387 0.190616 
0.124691 0.375318 0.489720 
0.488814 0.118386 0.341566 
0.010435 0.770678 0.282240 
0.328990 0.658273 0.099911 
0.451838 0.495729 0.029730 
0.585659 0.353022 0.094448 
0.427600 0.460458 0.002150 
0.602734 0.038890 0.360644 
0.044750 0.095367 0.897600 
0.259611 0.444750 0.293295 
0.507134 0.430656 0.011296 
0.047894 0.002220 0.972176 
0.207019 0.599802 0.195404 
0.882749 0.040883 0.074565 
0.254810 0.667062 0.062909 
0.007723 0.447561 0.722633 
0.703416 0.048773 0.207006 
0.141525 0.510945 0.332309 
0.179643 0.226056 0.566739 
0.504081 0.332206 0.201488 
0.464692 0.261072 0.313495 
0.239845 0.422897 0.425198 
0.170983 0.772558 0.168486 
0.624469 0.131907 0.169849 
0.247952 0.160268 0.592995 
0.162251 0.461797 0.468008 
0.472696 0.373247 0.260449 
0.120611 0.764571 0.227387 
0.619337 0.039689 0.192184 
0.512638 0.064475 0.396980 
0.005703 0.581558 0.545500 
0.635880 0.376116 0.012750 
0.035133 0.304615 0.625220 
0.199329 0.621920 0.120769 
0.235971 0.240256 0.613027 
0.182836 0.484186 0.394971 
0.168781 0.654982 0.333717 
0.380405 0.083432 0.568028 
0.524994 0.176148 0.272709 
0.157567 0.326373 0.438687 
0.353026 0.136187 0.433543 
0.438752 0.156151 0.438618 
0.201524 0.817869 0.016354 
0.024447 0.504511 0.367214 
0.613973 0.144934 0.195632 
0.152393 0.345540 0.522743 
0.107629 0.106274 0.789845 
0.150585 0.536928 0.236038 
0.277156 0.262111 0.257583 
0.119021 0.132261 0.813949 
0.115146 0.519335 0.352209 
0.716679 0.068216 0.066386 
0.179724 0.740865 0.112370 
0.263415 0.698360 0.051395 
0.048316 0.853472 0.018934 
0.257255 0.018716 0.543637 
0.014705 0.195194 0.816558 
0.757029 0.164817 0.040353 
0.761577 0.177577 0.246437 
0.324297 0.485229 0.034510 
0.389071 0.264552 0.140846 
0.243406 0.132499 0.796736 
0.560832 0.161232 0.444310 
0.312129 0.100225 0.757266 
0.096136 0.707866 0.125493 
0.008641 0.093746 0.861810 
0.161131 0.471703 0.313371 
0.249809 0.036459 0.639627 
0.726826 0.022946 0.399133 
0.295213 0.088585 0.448331 
0.025627 0.089507 0.987334 
0.256066 0.584351 0.011387 
0.178266 0.177498 0.529143 
0.473105 0.410232 0.083499 
0.985756 0.051020 0.016242 
0.016923 0.620145 0.410127 
0.155457 0.838749 0.050137 
0.057699 0.539944 0.296587 
0.547827 0.182372 0.207106 
0.477934 0.027949 0.510537 
0.635209 0.200997 0.119597 
0.095429 0.140838 0.742950 
0.423108 0.441974 0.148860 
0.166546 0.312759 0.517879 
0.088751 0.531852 0.384301 
0.219798 0.635235 0.051262 
0.659183 0.287159 0.010141 
0.427169 0.530019 0.089339 
0.480635 0.011275 0.580699 
0.328741 0.401082 0.246806 
0.601012 0.197846 0.245713 
0.071616 0.465218 0.540097 
0.628383 0.167665 0.077353 
0.481446 0.058870 0.337015 
0.499138 0.081992 0.323800 
0.534665 0.151618 0.375308 
0.925303 0.065850 0.029685 
0.200646 0.224215 0.457387 
0.792424 0.142581 0.181966 
0.629882 0.337566 0.057832 
0.313594 0.615767 0.196496 
0.612781 0.159374 0.257250 
0.450412 0.092405 0.337565 
0.453630 0.454630 0.116170 
0.574926 0.014563 0.358556 
0.133303 0.785644 0.025451 
0.284615 0.525433 0.203232 
0.454187 0.117786 0.421753 
0.450708 0.240595 0.301591 
0.699313 0.042634 0.180094 
0.594541 0.043857 0.438931 
0.043650 0.634099 0.303122 
0.092519 0.578828 0.205193 
0.720486 0.106964 0.245608 
0.273850 0.218001 0.477733 
0.389212 0.529558 0.033741 
0.327924 0.328681 0.269611 
0.614734 0.100463 0.297422 
0.355963 0.358413 0.381484 
0.567978 0.481029 0.021858 
0.426231 0.529914 0.006139 
0.474009 0.096400 0.306507 
0.177373 0.662088 0.039330 
0.523506 0.496662 0.157868 
0.358134 0.220712 0.338796 
0.700072 0.037953 0.409495 
0.164034 0.247142 0.597082 
0.613740 0.333504 0.277506 
0.183502 0.530218 0.300004 
0.183223 0.579016 0.244454 
0.259550 0.187767 0.388366 
0.565673 0.439969 0.035592 
0.118709 0.212832 0.651957 
0.147976 0.932178 0.020848 
0.761548 0.107376 0.014653 
0.183445 0.273357 0.607519 
0.217361 0.485031 0.341549 
0.435565 0.267283 0.354806 
0.354895 0.243607 0.258469 
0.116434 0.756720 0.077269 
0.605922 0.007150 0.453777 
0.149881 0.652360 0.205204 
0.348880 0.431938 0.294220 
0.025011 0.653422 0.303169 
0.106568 0.371787 0.448254 
0.012205 0.100595 0.925886 
0.462499 0.219311 0.263220 
0.247125 0.345263 0.274416 
0.401291 0.008214 0.562091 
0.725092 0.096875 0.037963 
0.904397 0.200483 0.005507 
0.036574 0.842126 0.207696 
0.132276 0.553000 0.371687 
0.073250 0.447662 0.351093 
0.185102 0.811684 0.022014 
0.199697 0.107688 0.601978 
0.512598 0.591058 0.027517 
0.056580 0.031159 0.967730 
0.535779 0.101312 0.335808 
0.206303 0.274191 0.406952 
0.626438 0.305196 0.234401 
0.129471 0.452314 0.453215 
0.394657 0.636102 0.142136 
0.694063 0.373491 0.049728 
0.124763 0.411186 0.440745 
0.291591 0.229778 0.567020 
0.339622 0.359327 0.438175 
0.171877 0.726039 0.007136 
0.148704 0.196100 0.610632 
0.600879 0.348552 0.112776 
0.040085 0.227859 0.724797 
0.199578 0.507398 0.368902 
0.569690 0.345283 0.124179 
0.861118 0.162446 0.059600 
0.281979 0.501100 0.192199 
0.201616 0.731838 0.016800 
0.021350 0.925276 0.088272 
0.174190 0.062675 0.759869 
0.458499 0.338810 0.055369 
0.574741 0.537166 0.104020 
0.152163 0.613855 0.042739 
0.294927 0.051820 0.803744 
0.430188 0.116201 0.349596 
0.305877 0.020314 0.704020 
0.475593 0.152099 0.333991 
0.129450 0.282223 0.438968 
0.376519 0.519829 0.164034 
0.446321 0.295311 0.183019 
0.612166 0.241301 0.092626 
0.609379 0.166457 0.429825 
0.347418 0.278361 0.486770 
0.140680 0.298356 0.524503 
0.012230 0.711107 0.140603 
0.739493 0.039360 0.052126 
0.775626 0.076355 0.065480 
0.307758 0.047914 0.787498 
0.422377 0.366073 0.171654 
0.625936 0.254878 0.072638 
0.495186 0.394367 0.215324 
0.440605 0.484715 0.095490 
0.088663 0.325240 0.414997 
0.020938 0.666188 0.439915 
0.139684 0.831877 0.109592 
0.042941 0.176378 0.895368 
0.228817 0.450425 0.321891 
0.358528 0.741504 0.037043 
0.255045 0.828076 0.003125 
0.102608 0.105414 0.842192 
0.129708 0.619669 0.279073 
0.041407 0.989919 0.116292 
0.233573 0.601454 0.273618 
0.090173 0.617294 0.259553 
0.541877 0.168008 0.111738 
0.006692 0.375685 0.473058 
0.468928 0.214320 0.226265 
0.174053 0.612697 0.265369 
0.203824 0.107151 0.802664 
0.169736 0.072140 0.807653 
0.074423 0.999840 0.060844 
0.027352 0.459972 0.472814 
0.093502 0.542507 0.359291 
0.518048 0.063232 0.519257 
0.015409 0.131219 0.888658 
0.225495 0.429181 0.413169 
0.083145 0.781650 0.124154 
0.283434 0.017655 0.728593 
0.212925 0.289488 0.589896 
0.383469 0.104931 0.559080 
0.737050 0.221429 0.104637 
0.009592 0.292287 0.806028 
0.157047 0.029269 0.962865 
0.608322 0.216038 0.229888 
0.217289 0.493895 0.294050 
0.673331 0.191772 0.105449 
0.659454 0.081655 0.124659 
0.500801 0.350878 0.110989 
0.363199 0.177784 0.431043 
0.153682 0.406236 0.522002 
0.139448 0.389467 0.307657 
0.002862 0.776085 0.172846 
0.038425 0.528968 0.360240 
0.764507 0.130916 0.105677 
0.915779 0.096123 0.151858 
0.513730 0.040211 0.436590 
0.816983 0.114487 0.031425 
0.542518 0.069945 0.348625 
0.265531 0.215642 0.501405 
0.253145 0.465195 0.315134 
0.289945 0.102663 0.590819 
0.361262 0.095818 0.361263 
0.761267 0.263278 0.052103 
0.564326 0.147548 0.402181 
0.036238 0.442115 0.524113 
0.140163 0.009881 0.887402 
0.080762 0.429541 0.476466 
0.744748 0.034749 0.147840 
0.672867 0.022046 0.205398 
0.144708 0.074582 0.899837 
0.000162 0.243673 0.763896 
0.137569 0.236363 0.704118 
0.210221 0.277055 0.512869 
0.370870 0.261944 0.214308 
0.102266 0.049428 0.816245 
0.241266 0.777417 0.099717 
0.327670 0.063078 0.513674 
0.832440 0.198823 0.005895 
0.353220 0.108032 0.521238 
0.374379 0.073871 0.659160 
0.081812 0.357010 0.716356 
0.399526 0.447974 0.010922 
0.658543 0.369833 0.073426 
0.413114 0.323775 0.403033 
0.171198 0.480828 0.286273 
0.018900 0.594054 0.410011 
0.696803 0.201561 0.069136 
0.199685 0.099873 0.818610 
0.190162 0.390240 0.351324 
0.126196 0.264586 0.647906 
0.087254 0.277102 0.761626 
0.189734 0.485115 0.397623 
0.240295 0.181433 0.649524 
0.385194 0.401689 0.262428 
0.475554 0.381381 0.085430 
0.117585 0.555963 0.172825 
0.665037 0.118198 0.077380 
0.080064 0.537323 0.423517 
0.127639 0.561849 0.061973 
0.205769 0.453989 0.246701 
0.055232 0.261451 0.537055 
0.412403 0.198196 0.408127 
0.369207 0.290562 0.322480 
0.028368 0.513670 0.429184 
0.495415 0.114528 0.358446 
0.028200 0.739684 0.235923 
0.117195 0.667744 0.341505 
1.143448 0.021435 0.000195 
0.384520 0.646277 0.041449 
0.689860 0.200566 0.161481 
0.237001 0.468492 0.261405 
0.378065 0.429413 0.130705 
0.254672 0.479580 0.285375 
0.064089 0.702145 0.117178 
0.630198 0.259560 0.161835 
0.060652 0.558964 0.284267 
0.626725 0.062043 0.135835 
0.115707 0.604085 0.191151 
0.057371 0.139219 0.894282 
0.493377 0.212935 0.158629 
0.490520 0.217628 0.203769 
0.592604 0.181959 0.292656 
0.755949 0.301495 0.051022 
0.735052 0.029992 0.139164 
0.590658 0.144843 0.112008 
0.306704 0.306408 0.472654 
0.509334 0.084167 0.503199 
0.454127 0.482765 0.033843 
0.564915 0.408093 0.002115 
0.551743 0.286239 0.067518 
0.333265 0.635858 0.088721 
0.024292 0.188120 0.676824 
0.092043 0.442189 0.518158 
0.195002 0.065838 0.694418 
0.305165 0.379979 0.215296 
0.457400 0.223680 0.236479 
0.281456 0.219604 0.499518 
0.402870 0.626631 0.151647 
0.262546 0.432899 0.204008 
0.047201 0.463944 0.434921 
0.004488 0.327671 0.567185 
0.124215 0.615246 0.406385 
0.157491 0.000032 0.820429 
0.328682 0.346286 0.300110 
0.440259 0.544479 0.050073 
0.580217 0.048472 0.481674 
0.161628 0.477469 0.428233 
0.841816 0.030321 0.055201 
0.203827 0.482156 0.165165 
0.121837 0.283626 0.564344 
0.593562 0.073618 0.401523 
0.116204 0.584674 0.480831 
0.446524 0.094507 0.463153 
0.349435 0.229782 0.291017 
0.474656 0.320294 0.045900 
0.019910 0.264370 0.681715 
0.875273 0.010879 0.157913 
0.087351 0.631191 0.158812 
0.539291 0.298872 0.183170 
0.106031 0.765613 0.133403 
0.135657 0.687698 0.272453 
0.344130 0.038629 0.684763 
0.026814 0.931877 0.120560 
0.539223 0.024492 0.492764 
0.323975 0.166361 0.516220 
0.424012 0.414032 0.220928 
0.806761 0.170693 0.075373 
0.606243 0.318603 0.089573 
0.514824 0.297716 0.119658 
0.080779 0.241710 0.740767 
0.136411 0.093222 0.599188 
0.122390 0.117587 0.469383 
0.678409 0.314374 0.064409 
0.341666 0.643079 0.057301 
0.248149 0.512410 0.194962 
0.196772 0.697679 0.134932 
0.008902 0.490708 0.391772 
0.442466 0.435020 0.109326 
0.183938 0.388548 0.352157 
0.169532 0.180589 0.678147 
0.507901 0.449547 0.085367 
0.669321 0.084893 0.225983 
0.066812 0.704615 0.111070 
0.474455 0.287467 0.224180 
0.648401 0.105612 0.276646 
0.391164 0.254027 0.389198 
0.212277 0.411752 0.465303 
0.934312 0.008851 0.040726 
0.127288 0.688850 0.214885 
0.704174 0.392253 0.054086 
0.433797 0.127081 0.266992 
0.267329 0.431823 0.195613 
0.499306 0.408504 0.135834 
0.135005 0.423147 0.378244 
0.602278 0.158287 0.255904 
0.702319 0.025357 0.160926 
0.111046 0.493275 0.532776 
0.304778 0.125032 0.571677 
0.280232 0.426827 0.229903 
0.137088 0.708116 0.178086 
0.658503 0.338768 0.032249 
0.029154 0.565177 0.436253 
0.192510 0.557948 0.168827 
0.328854 0.285091 0.367707 
0.784052 0.342606 0.022717 
0.854570 0.173329 0.026312 
0.231075 0.108177 0.808930 
0.239171 0.188587 0.565698 
0.459407 0.457204 0.072321 
0.399416 0.227156 0.293442 
0.647605 0.203044 0.197211 
0.682265 0.070655 0.379311 
0.482788 0.478850 0.125074 
0.590068 0.116786 0.270833 
0.418195 0.076755 0.371731 
0.687087 0.064681 0.118905 
0.545068 0.137172 0.266718 
0.170053 0.540302 0.254908 
0.315978 0.075155 0.684790 
0.460791 0.181674 0.304080 
0.977553 0.091576 0.010652 
0.357660 0.279366 0.371806 
0.315872 0.146235 0.423970 
0.343763 0.069042 0.418984 
0.379260 0.206514 0.381588 
0.041684 0.395927 0.505301 
0.261506 0.443392 0.398394 
0.152246 0.599445 0.182488 
0.245760 0.737157 0.002171 
0.182139 0.949756 0.085634 
0.272101 0.418278 0.465923 
0.169130 0.880885 0.111020 
0.235947 0.117990 0.594895 
1.051214 0.016326 0.000863 
0.442978 0.663856 0.110248 
0.596989 0.020955 0.294933 
0.449870 0.024149 0.414252 
0.813685 0.032222 0.144018 
0.271663 0.057578 0.755786 
0.381022 0.530457 0.234137 
0.599437 0.093102 0.273651 
0.020001 0.963399 0.053679 
0.101828 0.419093 0.504642 
0.240884 0.313960 0.385008 
0.552634 0.278087 0.311076 
0.071847 0.269212 0.636985 
0.483595 0.174500 0.393657 
0.052200 0.714301 0.251088 
0.591562 0.040753 0.396802 
0.131435 0.329716 0.556604 
0.145056 0.445554 0.515204 
0.304943 0.013257 0.710624 
0.070608 0.055308 0.872506 
0.390069 0.105656 0.607348 
0.782410 0.009432 0.296732 
0.522005 0.048953 0.426674 
0.536977 0.093611 0.257257 
0.006557 0.519569 0.393979 
0.644267 0.019088 0.161926 
0.025541 0.186163 0.827983 
0.694521 0.092636 0.329891 
0.765071 0.038588 0.317394 
0.329451 0.785114 0.037109 
0.094314 0.361346 0.576665 
0.267768 0.130153 0.565538 
0.205445 0.430164 0.356810 
0.140385 0.618525 0.163737 
0.191646 0.681642 0.029186 
0.164694 0.042131 0.749138 
0.480019 0.189825 0.225163 
0.323733 0.542927 0.116630 
0.634150 0.171198 0.132562 
0.111433 0.028713 0.879221 
0.150506 0.574866 0.238931 
0.458023 0.441270 0.028488 
0.322476 0.148902 0.578967 
0.013610 0.299017 0.905466 
0.283851 0.260334 0.268966 
0.426547 0.353638 0.179108 
0.039070 0.483092 0.461807 
0.301541 0.185669 0.465142 
0.336242 0.438036 0.147489 
0.175760 0.115316 0.690721 
0.298082 0.376524 0.352015 
0.278875 0.756444 0.057216 
0.166150 0.597345 0.244471 
0.603405 0.452482 0.146548 
0.349984 0.590976 0.013692 
0.306658 0.295740 0.452986 
0.076565 0.151636 0.876933 
0.477859 0.435215 0.052418 
0.511709 0.093295 0.275046 
0.563948 0.249443 0.042428 
0.332440 0.649228 0.042146 
0.272052 0.320618 0.431545 
0.028510 0.890370 0.188788 
0.083639 0.595160 0.166685 
0.148013 0.730514 0.094755 
0.469535 0.193199 0.294575 
0.089171 0.777134 0.195124 
0.343788 0.198472 0.396702 
0.350486 0.288061 0.346336 
0.321985 0.459718 0.179104 
0.135013 0.418472 0.431737 
0.135887 0.461076 0.465261 
0.433295 0.211975 0.391176 
0.643600 0.089787 0.268610 
0.464723 0.391752 0.053635 
0.181422 0.273639 0.580212 
1.092376 0.042449 0.038443 
0.176557 0.265784 0.750043 
0.356643 0.569089 0.147565 
0.119976 0.294828 0.445575 
0.347918 0.254797 0.448916 
0.042214 0.575276 0.379327 
0.241063 0.631583 0.089516 
0.187726 0.374755 0.503910 
0.405186 0.669147 0.036271 
0.286882 0.644388 0.034453 
0.322665 0.478356 0.326055 
0.795790 0.101816 0.113632 
0.411449 0.038413 0.404414 
0.022741 0.044640 0.866548 
0.511902 0.038911 0.532334 
0.102289 0.446138 0.322896 
0.030903 0.309715 0.476860 
0.022762 0.501674 0.369185 
0.120057 0.587482 0.173142 
0.632166 0.330348 0.212828 
0.939917 0.071117 0.066491 
0.780189 0.201035 0.055218 
0.361065 0.007349 0.717122 
0.123817 0.303710 0.583250 
0.074362 0.276353 0.643165 
0.822347 0.265950 0.008504 
0.080748 0.540269 0.325423 
0.571415 0.297019 0.142141 
0.288459 0.391948 0.370939 
0.834324 0.258395 0.005723 
0.508777 0.175283 0.386258 
0.122945 0.138233 0.748268 
0.037586 0.307158 0.597952 
0.127613 0.560028 0.194025 
0.415059 0.604015 0.096447 
0.019478 0.523089 0.500561 
0.659979 0.343010 0.019058 
0.340210 0.140038 0.492653 
0.357073 0.195821 0.496570 
0.379692 0.109440 0.554586 
0.456843 0.402254 0.284915 
0.456495 0.596466 0.003291 
0.230783 0.530635 0.212317 
0.382874 0.178835 0.358774 
0.370035 0.128119 0.486769 
0.305540 0.511989 0.196469 
0.246499 0.254542 0.518675 
0.226847 0.291810 0.327614 
0.648363 0.185118 0.050141 
0.130563 0.148507 0.758322 
0.110772 0.634434 0.319837 
0.533143 0.148725 0.273748 
0.277647 0.147858 0.577954 
0.970602 0.043187 0.064009 
0.000457 0.031507 1.010690 
0.451201 0.202751 0.406935 
0.809124 0.130978 0.024888 
0.179615 0.177375 0.745883 
0.197954 0.612478 0.241688 
0.259333 0.559906 0.119695 
0.125479 0.264719 0.573804 
0.362514 0.479053 0.143510 
0.469552 0.102659 0.432450 
0.501313 0.423506 0.115562 
0.229897 0.285349 0.416140 
0.183608 0.483869 0.404488 
0.005393 0.418460 0.584010 
0.595208 0.016615 0.287725 
0.415502 0.141294 0.326585 
0.828701 0.111686 0.074282 
0.590795 0.210000 0.035518 
0.276955 0.609571 0.148830 
0.081025 0.159334 0.801138 
0.016573 0.141312 0.765172 
0.011061 0.893552 0.104800 
0.151084 0.859733 0.031343 
0.308161 0.412316 0.150313 
0.074859 0.783477 0.159056 
0.466047 0.414887 0.191227 
0.067592 0.765027 0.013498 
0.169271 0.650990 0.097584 
0.019218 0.401688 0.499817 
0.430634 0.235376 0.324558 
0.312853 0.488841 0.185227 
0.068785 0.016818 0.770628 
0.530397 0.370989 0.121428 
0.112226 0.194154 0.648879 
0.463333 0.534609 0.077606 
0.122094 0.241495 0.727803 
1.101851 0.028432 0.002059 
0.481997 0.054845 0.470226 
0.435518 0.044534 0.607387 
0.189416 0.026193 0.838502 
0.067559 0.284169 0.635554 
0.780375 0.148422 0.012586 
0.170993 0.806248 0.052699 
0.142066 0.085642 0.636863 
0.038479 0.349772 0.405496 
0.214195 0.232778 0.563537 
0.661069 0.022890 0.335935 
0.096871 0.186242 0.756003 
0.774676 0.130244 0.109569 
0.582006 0.084325 0.214261 
0.250155 0.347571 0.441348 
0.281914 0.381877 0.269183 
0.169006 0.738904 0.118040 
0.256807 0.339714 0.386694 
0.563123 0.294887 0.125613 
0.461671 0.323544 0.087842 
0.137960 0.399621 0.404000 
0.308212 0.583696 0.067974 
0.101673 0.638965 0.290789 
0.502967 0.221221 0.178605 
0.384877 0.245810 0.323901 
0.675379 0.065210 0.073354 
0.769176 0.221202 0.052306 
0.273804 0.512699 0.244286 
0.238932 0.530292 0.111512 
0.974720 0.002556 0.152032 
0.348282 0.358388 0.260436 
0.133781 0.044190 0.808535 
0.026716 0.958152 0.015571 
0.206865 0.098239 0.628324 
0.444256 0.422181 0.230897 
0.035768 0.032644 0.995820 
0.252244 0.057454 0.615347 
0.380961 0.423870 0.010458 
0.727907 0.096270 0.294265 
0.265196 0.309604 0.510588 
0.246873 0.044930 0.703512 
0.586235 0.085426 0.289521 
0.265596 0.487779 0.382810 
0.288057 0.403132 0.416479 
0.532797 0.226963 0.145314 
0.398039 0.304376 0.403403 
0.578875 0.133205 0.291058 
0.101621 0.359804 0.558757 
0.073591 0.687260 0.148653 
0.531928 0.347205 0.205199 
0.474091 0.299989 0.201912 
0.693875 0.049202 0.213979 
0.003104 0.435536 0.509117 
0.360923 0.164579 0.447307 
0.072497 0.658582 0.213439 
0.594959 0.140756 0.159998 
0.242342 0.077978 0.580301 
0.016618 0.335461 0.601434 
0.445689 0.252191 0.197278 
0.054401 0.342687 0.547714 
0.104001 0.327212 0.635668 
0.174904 0.065652 0.827144 
0.556342 0.040813 0.302547 
0.435550 0.374535 0.165863 
0.000826 0.590193 0.342247 
0.422669 0.085152 0.502278 
0.449272 0.430680 0.073164 
0.162975 0.270540 0.520696 
0.768971 0.107929 0.056363 
0.420709 0.026551 0.563992 
0.612907 0.074030 0.251112 
0.134537 0.525103 0.307637 
0.178270 0.142933 0.706766 
0.919296 0.078222 0.029209 
0.461456 0.362473 0.008423 
0.109939 0.651600 0.354081 
0.321032 0.089037 0.573152 
0.295013 0.635004 0.179286 
0.294496 0.439310 0.207270 
0.484180 0.056855 0.498883 
0.457546 0.071838 0.363746 
0.631060 0.164090 0.167711 
0.276879 0.642560 0.034520 
0.656846 0.386710 0.075039 
0.188734 0.668460 0.137831 
0.538576 0.113809 0.268252 
0.660166 0.143313 0.124552 
0.230621 0.240056 0.509885 
0.373346 0.138324 0.463333 
0.219819 0.575040 0.119992 
0.183630 0.599954 0.207149 
0.357738 0.224286 0.493765 
0.116420 0.907043 0.074537 
0.332432 0.097408 0.403978 
0.393932 0.423609 0.010631 
0.008862 0.940800 0.145114 
0.309503 0.045383 0.568614 
0.323825 0.421632 0.146103 
0.133686 0.374091 0.627180 
0.223845 0.391545 0.303542 
0.590240 0.128165 0.338415 
0.314972 0.090244 0.621345 
0.218015 0.140472 0.625141 
0.193105 0.257318 0.448054 
0.382757 0.008400 0.638327 
0.043406 0.427878 0.508208 
0.331271 0.397389 0.223753 
0.549237 0.254518 0.218671 
0.614722 0.174796 0.164246 
0.229959 0.622832 0.106908 
0.134119 0.749334 0.092112 
0.376460 0.033721 0.530059 
0.595404 0.495208 0.001390 
0.147292 0.263800 0.563481 
0.379095 0.418059 0.163728 
0.636920 0.024563 0.140005 
0.145141 0.214414 0.507569 
0.407318 0.262252 0.262733 
0.343080 0.123642 0.626921 
0.336376 0.347748 0.277643 
0.834517 0.101399 0.013292 
0.650427 0.300913 0.009986 
0.212314 0.546758 0.128466 
0.062979 0.985630 0.079361 
0.342928 0.596423 0.114597 
0.543323 0.213988 0.104833 
0.821910 0.128897 0.171862 
0.704843 0.126398 0.267790 
0.137509 0.446472 0.284814 
0.411256 0.007353 0.634223 
0.288258 0.669121 0.055116 
0.049651 0.843734 0.181563 
0.625620 0.189010 0.122201 
0.282019 0.340329 0.282735 
0.302718 0.693108 0.102161 
0.556652 0.445997 0.075879 
0.108319 0.109208 0.790611 
0.692763 0.234986 0.028300 
0.046011 0.943357 0.274793 
0.004606 0.068321 0.886112 
0.264100 0.723886 0.128412 
0.437233 0.071752 0.509782 
0.505059 0.378822 0.037982 
0.149614 0.341149 0.332307 
0.000508 0.943359 0.129093 
0.080479 0.042675 0.918761 
0.192466 0.137658 0.746385 
0.079062 0.888420 0.027190 
0.336884 0.669102 0.007794 
0.534391 0.246995 0.283929 
0.134923 0.649607 0.150126 
0.018558 0.347245 0.580004 
0.004378 0.252712 0.594383 
0.212909 0.292729 0.418055 
0.219966 0.333919 0.486490 
0.784975 0.164009 0.220789 
0.163010 0.488969 0.207124 
0.593784 0.278239 0.107614 
0.636488 0.164797 0.152124 
0.281000 0.820629 0.073979 
0.882902 0.058330 0.181234 
0.049850 0.273595 0.386186 
0.838786 0.134804 0.034295 
0.202020 0.387358 0.434873 
0.037656 0.872526 0.026852 
0.471213 0.129470 0.364602 
0.318101 0.138968 0.528117 
0.378014 0.172958 0.477888 
0.060683 0.071393 0.741094 
0.007020 0.438137 0.513411 
0.372223 0.036488 0.533503 
0.101401 0.532550 0.348516 
0.275336 0.481409 0.183722 
0.405680 0.349049 0.210133 
0.153417 0.173234 0.627728 
0.016946 0.843429 0.142945 
0.053697 0.194978 0.627225 
0.780825 0.126400 0.202468 
0.177647 0.133759 0.637616 
0.052506 0.164877 0.847935 
0.154709 0.255482 0.666625 
0.241838 0.675503 0.023571 
0.164534 0.611656 0.166001 
0.528070 0.095972 0.354689 
0.273758 0.330900 0.417400 
0.022479 0.338549 0.632756 
0.670571 0.079989 0.128907 
0.692737 0.189580 0.110703 
0.201374 0.074065 0.625208 
0.027569 0.702117 0.329419 
0.605601 0.213274 0.171793 
0.405523 0.300294 0.276541 
0.611927 0.358888 0.105418 
0.304460 0.079498 0.618658 
0.599886 0.029912 0.348059 
0.757577 0.054890 0.307812 
0.353164 0.505696 0.217415 
0.041400 0.603905 0.390694 
0.078160 0.767515 0.305252 
0.140564 0.532924 0.226857 
0.157039 0.621992 0.184063 
0.155376 0.102562 0.660025 
0.125480 0.320631 0.636776 
0.432047 0.324034 0.332170 
0.139780 0.721544 0.290312 
0.033469 0.637269 0.445374 
0.124485 0.349474 0.602562 
0.165607 0.832139 0.121348 
0.197883 0.703702 0.050380 
0.000202 0.550239 0.528787 
0.282703 0.296553 0.491697 
0.001935 0.564723 0.300931 
0.076340 0.597186 0.557650 
0.270638 0.505398 0.120604 
0.099034 1.004397 0.045922 
0.393214 0.102475 0.578754 
0.115698 0.468530 0.292168 
0.017838 0.402990 0.704521 
0.079320 0.600214 0.304030 
0.056404 0.698206 0.276696 
0.337138 0.045909 0.600039 
0.238527 0.244531 0.634509 
0.318871 0.490614 0.283807 
0.002966 0.816492 0.282808 
0.085009 0.825734 0.197622 
0.292968 0.086266 0.722236 
0.080331 0.195586 0.730040 
0.172196 0.092827 0.701116 
0.558032 0.382403 0.054704 
0.373275 0.194764 0.199057 
0.325580 0.387777 0.285049 
0.297955 0.187160 0.549888 
0.763139 0.043778 0.129463 
0.073272 0.122486 0.662251 
0.302232 0.200598 0.481588 
0.720009 0.108917 0.115400 
0.279083 0.770803 0.022110 
0.049419 0.120138 0.845087 
0.216920 0.612377 0.151752 
0.139533 0.876477 0.097630 
0.800737 0.175146 0.031141 
0.174831 0.136601 0.698185 
0.616721 0.042364 0.229524 
0.311073 0.611230 0.056349 
0.146462 0.458129 0.426511 
0.308470 0.639551 0.005025 
0.657384 0.327283 0.015906 
0.435523 0.422247 0.014173 
0.318322 0.428284 0.186290 
0.342138 0.203213 0.246694 
0.192614 0.200246 0.619961 
0.162565 0.392966 0.488067 
0.188402 0.755955 0.005092 
0.546225 0.028264 0.381736 
0.131808 0.055143 0.799595 
0.590899 0.154524 0.196676 
0.601359 0.154968 0.253785 
0.457019 0.423111 0.124018 
0.154942 0.904685 0.120636 
0.421501 0.667610 0.029364 
0.223543 0.642378 0.269147 
0.054329 0.653342 0.365346 
0.017553 0.417182 0.280744 
0.023812 0.790699 0.217013 
0.533725 0.005645 0.423363 
0.196037 0.169926 0.507819 
0.030321 0.808288 0.174756 
0.344203 0.329837 0.317223 
0.642099 0.180003 0.101152 
0.258185 0.644704 0.220025 
0.013091 0.719033 0.222009 
0.031585 0.817158 0.060815 
0.205900 0.237699 0.534520 
0.876371 0.004433 0.107323 
0.072538 0.276231 0.683905 
0.392048 0.056930 0.264763 
0.448168 0.442441 0.213592 
0.333802 0.361385 0.272169 
0.396386 0.249747 0.310797 
0.361824 0.224219 0.494312 
0.319299 0.035114 0.689258 
0.585117 0.350235 0.144604 
0.364778 0.073425 0.529545 
0.443543 0.397872 0.075608 
0.541331 0.272998 0.166998 
0.056730 0.603239 0.523274 
0.314645 0.255167 0.418341 
0.557585 0.044703 0.409537 
0.462325 0.343810 0.038416 
0.155975 0.483716 0.329741 
0.061567 0.620767 0.393919 
0.826651 0.082322 0.147704 
0.534517 0.462588 0.061030 
0.244660 0.844435 0.023834 
0.606834 0.109128 0.302685 
0.640723 0.192823 0.064834 
0.779514 0.229686 0.043454 
0.154009 0.611988 0.238531 
0.488174 0.576137 0.067317 
0.149576 0.315693 0.410204 
0.034703 0.300411 0.477718 
0.250135 0.731724 0.037384 
