0.416136 0.858114 
0.990747 0.132000 
0.875855 0.024228 
0.087859 0.814147 
0.838163 0.062975 
0.093589 0.978933 
0.734446 0.620183 
0.671404 0.537214 
0.789311 0.224936 
0.870517 0.308907 
0.853311 0.329949 
0.639490 0.498248 
0.592595 0.681630 
0.594017 0.648377 
0.777500 0.614798 
0.456321 0.705068 
0.724850 0.381244 
0.777195 0.347660 
0.704785 0.595255 
0.744940 0.349462 
0.078130 0.959107 
0.412207 0.694782 
0.538072 0.652818 
0.660162 0.667833 
0.758139 0.462415 
0.849358 0.271541 
0.216251 0.784763 
0.521117 0.675287 
0.023388 0.829646 
0.888758 0.204473 
0.850098 0.461672 
0.755382 0.326322 
0.370661 0.867424 
0.725594 0.401243 
0.198066 0.797957 
0.703362 0.464113 
0.962032 0.210622 
0.118945 0.813504 
0.498978 0.677841 
0.486518 0.707345 
0.457579 0.885780 
0.630236 0.709661 
0.795450 0.429808 
0.826488 0.219387 
0.788522 0.539504 
0.785332 0.320165 
0.619739 0.758431 
0.687815 0.572187 
0.351518 0.738011 
0.573172 0.677781 
0.953640 0.148066 
0.586937 0.712694 
0.515465 0.736005 
0.804168 0.147939 
0.491422 0.824228 
0.498482 0.741293 
0.121617 0.835044 
0.369987 0.749968 
0.171711 0.945227 
0.543548 0.640910 
0.918919 0.353965 
0.845979 0.234066 
0.379830 0.768275 
0.222766 0.928928 
0.235901 0.820160 
0.317555 0.811018 
0.880363 0.439587 
0.850406 0.520380 
0.001158 0.961158 
0.753835 0.342421 
0.967243 0.026647 
0.237612 0.828649 
0.367852 0.788343 
0.874825 0.317173 
0.326680 0.885344 
0.384268 0.792545 
0.141450 0.961110 
0.165634 0.866502 
0.680044 0.563253 
0.907517 0.348770 
0.718897 0.443457 
0.844708 0.477178 
0.671175 0.451366 
0.041227 0.957292 
0.614328 0.513540 
0.836037 0.213635 
0.711684 0.489641 
0.251417 0.774516 
0.839852 0.174967 
0.148215 0.864219 
0.924233 0.185501 
0.501660 0.654946 
0.667764 0.629579 
0.691145 0.410479 
0.437594 0.767519 
0.245313 0.869053 
0.158513 0.790275 
0.556762 0.790635 
0.819618 0.507691 
0.423709 0.854990 
0.386213 0.799314 
0.984566 0.138356 
0.799973 0.475582 
0.033820 0.995890 
0.827080 0.340589 
0.671390 0.725732 
0.771607 0.228756 
0.861946 0.001519 
0.875743 0.180531 
0.276297 0.855826 
0.929277 0.026341 
0.553843 0.674770 
0.800218 0.187552 
0.268646 0.787376 
0.001846 0.896398 
0.650515 0.693085 
0.361130 0.861505 
0.947892 0.193395 
0.264290 0.763486 
0.545753 0.765684 
0.246010 0.857774 
0.140881 0.892770 
0.407918 0.781843 
0.450485 0.871353 
0.990233 0.045300 
0.408090 0.824072 
0.820177 0.269404 
0.129460 0.909529 
0.656836 0.672612 
0.846902 0.116402 
0.633607 0.680626 
0.481890 0.684197 
0.174763 0.846507 
0.902001 0.292071 
0.108840 0.972066 
0.080796 0.909838 
0.671022 0.641403 
0.900592 0.192778 
0.523674 0.700711 
0.450016 0.858242 
0.805718 0.576834 
0.659118 0.661434 
0.461584 0.838879 
0.661704 0.458885 
0.438643 0.743757 
0.172938 0.922351 
0.830126 0.244401 
0.478652 0.853208 
0.839070 0.296706 
0.683843 0.599060 
0.660449 0.549271 
0.753300 0.442871 
0.891311 0.160039 
0.285413 0.791503 
0.760306 0.614595 
0.859047 0.410944 
0.870559 0.412371 
0.986730 0.033998 
0.965447 0.194969 
0.717988 0.464315 
0.628059 0.523084 
0.149948 0.823579 
0.713541 0.639495 
0.137182 0.919249 
0.678020 0.600891 
0.555957 0.753569 
0.807406 0.122488 
0.350568 0.861942 
0.277887 0.934991 
0.910883 0.193029 
0.763401 0.645616 
0.942633 0.026944 
0.845033 0.401913 
0.897329 0.345144 
0.421132 0.785825 
0.907226 0.171085 
0.423145 0.816605 
0.824042 0.262491 
0.944107 0.021673 
0.698039 0.703734 
0.188404 0.854495 
0.049098 0.954609 
0.749558 0.297866 
0.230508 0.931094 
0.682263 0.567925 
0.448717 0.892064 
0.417915 0.892373 
0.495844 0.843700 
0.971659 0.112812 
0.121213 0.954003 
0.314626 0.752529 
0.678426 0.544477 
0.728836 0.579574 
0.344606 0.803661 
0.829657 0.317842 
0.741157 0.661395 
0.774291 0.463270 
0.025555 0.845319 
0.785375 0.555483 
0.250515 0.850424 
0.342082 0.767068 
0.302974 0.782234 
0.402053 0.814238 
0.863183 0.451844 
0.884119 0.289797 
0.784631 0.538419 
0.857748 0.424989 
0.235695 0.911016 
0.708974 0.552623 
0.437490 0.695509 
0.285300 0.952762 
0.061346 0.841315 
0.901419 0.006270 
0.627313 0.568789 
0.279400 0.893553 
0.598212 0.733625 
0.722526 0.642354 
0.511504 0.671519 
0.753425 0.550429 
0.594293 0.698029 
0.162384 0.918620 
0.196300 0.815111 
0.929795 0.115955 
0.310356 0.885564 
0.794839 0.288983 
0.653572 0.754914 
0.449341 0.741150 
0.977765 0.035640 
0.117526 0.802539 
0.432741 0.744123 
0.892988 0.363194 
0.402317 0.786229 
0.949983 0.268183 
0.044687 0.933886 
0.887658 0.400546 
0.653889 0.748912 
0.973038 0.223253 
0.765425 0.541806 
0.440120 0.685292 
0.324600 0.929395 
0.208225 0.816828 
0.950469 0.239985 
0.480846 0.666061 
0.344220 0.757326 
0.960450 0.028155 
0.747860 0.601356 
0.802905 0.309597 
0.103558 0.912759 
0.723868 0.420434 
0.044021 0.842032 
0.394263 0.755228 
0.628114 0.678303 
0.403027 0.890030 
0.685085 0.512659 
0.829933 0.075503 
0.096519 0.871143 
0.250688 0.958189 
0.526894 0.684420 
0.181634 0.911877 
0.798777 0.359723 
0.597513 0.675766 
0.624464 0.750252 
0.469702 0.867608 
0.377080 0.904723 
0.602116 0.536442 
0.670799 0.686270 
0.871304 0.042040 
0.023718 0.949172 
0.536832 0.833682 
0.807109 0.046866 
0.496060 0.710424 
0.790220 0.249997 
0.635048 0.599939 
0.886719 0.284086 
0.035884 0.952812 
0.830680 0.304619 
0.297478 0.949007 
0.474740 0.726406 
0.852725 0.235926 
0.763582 0.423496 
0.658892 0.549642 
0.141089 0.908911 
0.513357 0.678598 
0.789238 0.192380 
0.840963 0.295512 
0.499440 0.858350 
0.248983 0.854200 
0.587204 0.808596 
0.299119 0.787037 
0.536596 0.650040 
0.840608 0.352289 
0.227571 0.972750 
0.520213 0.662585 
0.719403 0.535933 
0.128320 0.805161 
0.202745 0.865436 
0.514887 0.644252 
0.702705 0.663382 
0.892046 0.106698 
0.321802 0.899536 
0.828899 0.067069 
0.274426 0.832227 
0.068224 0.975017 
0.887532 0.139249 
0.867416 0.167209 
0.494867 0.715553 
0.899740 0.347186 
0.497812 0.716853 
0.280050 0.904363 
0.727272 0.634263 
0.963042 0.071683 
0.219695 0.788180 
0.488721 0.715417 
0.970292 0.076711 
0.998864 0.036145 
0.423399 0.830901 
0.766549 0.576377 
0.835765 0.077748 
0.352959 0.896684 
0.067859 0.862845 
0.834036 0.323535 
0.607898 0.617447 
0.733348 0.503294 
0.771336 0.314057 
0.456959 0.807011 
0.459381 0.767205 
0.964600 0.201117 
0.907281 0.004653 
0.128611 0.820960 
0.728740 0.520739 
0.818326 0.314302 
0.120882 0.949016 
0.443461 0.822663 
0.025606 0.859880 
0.908013 0.299631 
0.637164 0.767143 
0.617651 0.707284 
0.148199 0.814723 
0.448587 0.891278 
0.680113 0.484063 
0.466650 0.858575 
0.805518 0.277698 
0.544693 0.773876 
0.908219 0.176172 
0.769930 0.437473 
0.626557 0.688046 
0.437656 0.745645 
0.612162 0.582441 
0.054431 0.915428 
0.663573 0.722006 
0.822490 0.211777 
0.631202 0.762249 
0.828316 0.011685 
0.814393 0.289370 
0.375374 0.824350 
0.498945 0.855389 
0.345278 0.922027 
0.853723 0.228030 
0.987719 0.090782 
0.598978 0.656745 
0.310156 0.876598 
0.794580 0.274733 
0.898192 0.407540 
0.107603 0.898147 
0.834703 0.210468 
0.934178 0.204316 
0.842636 0.418560 
0.946736 0.257850 
0.380470 0.781752 
0.472824 0.779569 
0.717318 0.634143 
0.673366 0.644813 
0.590516 0.588404 
0.790124 0.572369 
0.868011 0.414482 
0.947292 0.302612 
0.837829 0.037140 
0.350315 0.746102 
0.869244 0.293073 
0.969071 0.210248 
0.036635 0.961054 
0.702094 0.652644 
0.523042 0.779908 
0.358064 0.883578 
0.901813 0.343765 
0.572802 0.746727 
0.950328 0.013594 
0.647909 0.576334 
0.676853 0.512216 
0.287645 0.853005 
0.218215 0.811195 
0.851847 0.158633 
0.341587 0.914688 
0.228657 0.908753 
0.289902 0.896620 
0.443998 0.676364 
0.497934 0.832823 
0.149401 0.804390 
0.509771 0.729805 
0.893911 0.315840 
0.942818 0.295995 
0.721890 0.560845 
0.247994 0.786279 
0.658731 0.600186 
0.118805 0.876832 
0.835994 0.448223 
0.761484 0.405020 
0.918098 0.307748 
0.797108 0.348307 
0.746851 0.624595 
0.868699 0.317956 
0.869151 0.087214 
0.051754 0.806294 
0.765425 0.429636 
0.897510 0.004239 
0.766502 0.335146 
0.461369 0.825781 
0.860740 0.110337 
0.191024 0.935092 
0.866608 0.466829 
0.872727 0.231942 
0.094225 0.981479 
0.512919 0.784032 
0.036062 0.943155 
0.829340 0.198648 
0.802846 0.240545 
0.582464 0.670138 
0.920673 0.092524 
0.085205 0.978095 
0.398976 0.878307 
0.313029 0.924615 
0.413638 0.732406 
0.242575 0.964781 
0.197681 0.964947 
0.986825 0.027100 
0.081629 0.867991 
0.967724 0.191033 
0.332251 0.802989 
0.818411 0.553789 
0.080170 0.963581 
0.316612 0.904840 
0.330879 0.832606 
0.644780 0.711357 
0.136691 0.905263 
0.109634 0.840655 
0.026920 0.998604 
0.769253 0.285436 
0.794015 0.334455 
0.814423 0.037459 
0.498426 0.693756 
0.754016 0.572026 
0.511655 0.830117 
0.826163 0.143438 
0.317739 0.780866 
0.575397 0.581918 
0.955377 0.207357 
0.615548 0.677008 
0.770715 0.365592 
0.559371 0.642703 
0.806399 0.216115 
0.874803 0.323045 
0.781245 0.586095 
0.807611 0.004038 
0.244362 0.952862 
0.866262 0.027634 
0.707470 0.437641 
0.471071 0.674518 
0.920961 0.073336 
0.380569 0.726580 
0.744034 0.412831 
0.326578 0.786317 
0.234753 0.856587 
0.876761 0.262047 
0.877697 0.029554 
0.208885 0.906856 
0.198860 0.856972 
0.484899 0.772829 
0.600593 0.592546 
0.800048 0.422885 
0.689836 0.568188 
0.903575 0.117208 
0.795930 0.239172 
0.403784 0.850754 
0.462286 0.653442 
0.810095 0.429695 
0.846183 0.491677 
0.268580 0.830476 
0.220728 0.944372 
0.478272 0.786772 
0.780538 0.189559 
0.254888 0.820214 
0.395097 0.823473 
0.376960 0.745671 
0.204130 0.840575 
0.057812 0.858167 
0.264858 0.889988 
0.125475 0.938007 
0.556259 0.769575 
0.618972 0.678894 
0.299312 0.823670 
0.051640 0.954563 
0.895195 0.218938 
0.366231 0.774382 
0.840842 0.135452 
0.473726 0.717397 
0.944386 0.116810 
0.584656 0.631489 
0.500814 0.698042 
0.003208 0.966598 
0.783058 0.443567 
0.522572 0.675294 
0.781439 0.205581 
0.889902 0.234685 
0.857749 0.320316 
0.363213 0.839275 
0.226172 0.769875 
0.809606 0.199863 
0.262905 0.869589 
0.685709 0.440938 
0.712727 0.654169 
0.535315 0.610072 
0.732036 0.394610 
0.126371 0.912250 
0.118409 0.981974 
0.072112 0.988262 
0.988172 0.109292 
0.387227 0.785173 
0.405557 0.709698 
0.500998 0.752309 
0.161445 0.965367 
0.757816 0.614791 
0.794486 0.237933 
0.352465 0.737006 
0.651337 0.714221 
0.805784 0.556536 
0.696440 0.501471 
0.450086 0.855461 
0.734428 0.631019 
0.900514 0.184551 
0.888361 0.348151 
0.564081 0.600596 
0.461690 0.793840 
0.836653 0.500295 
0.290329 0.773642 
0.081204 0.905369 
0.741195 0.514238 
0.833137 0.106772 
0.310225 0.805853 
0.722606 0.374491 
0.950953 0.005032 
0.827115 0.053131 
0.683599 0.660403 
0.466627 0.709902 
0.049296 0.874163 
0.806311 0.429182 
0.021327 0.902756 
0.348024 0.910204 
0.677762 0.663773 
0.428733 0.742055 
0.284410 0.924745 
0.255706 0.863986 
0.281103 0.799262 
0.629511 0.574286 
0.604588 0.730849 
0.860888 0.295399 
0.686498 0.613541 
0.381245 0.875633 
0.296262 0.937618 
0.635556 0.687645 
0.671716 0.645043 
0.494876 0.835332 
0.838104 0.410842 
0.351534 0.852691 
0.787308 0.363721 
0.918933 0.142381 
0.283974 0.866997 
0.320302 0.862819 
0.791801 0.380397 
0.626363 0.739514 
0.056772 0.822599 
0.806854 0.519141 
0.792594 0.236142 
0.407664 0.730939 
0.938379 0.101405 
0.793433 0.331397 
0.013741 0.982343 
0.824167 0.210425 
0.831086 0.052991 
0.547540 0.773438 
0.703104 0.566541 
0.265487 0.911087 
0.648644 0.620652 
0.821540 0.503871 
0.514283 0.850325 
0.642218 0.730774 
0.040626 0.964166 
0.875216 0.021388 
0.241335 0.875623 
0.217178 0.781557 
0.880726 0.386111 
0.863454 0.071998 
0.212534 0.956863 
0.744598 0.603390 
0.793429 0.174048 
0.906247 0.328442 
0.554042 0.781014 
0.525801 0.687686 
0.578219 0.755505 
0.350395 0.908298 
0.908609 0.100719 
0.320387 0.940587 
0.937897 0.232482 
0.943156 0.152885 
0.168801 0.804503 
0.894852 0.443946 
0.611816 0.592481 
0.434098 0.750387 
0.825892 0.512075 
0.082536 0.872857 
0.899498 0.416313 
0.349076 0.801825 
0.405988 0.707456 
0.382536 0.880516 
0.582310 0.725389 
0.062558 0.843897 
0.721433 0.385018 
0.310863 0.915113 
0.248895 0.796565 
0.493868 0.697423 
0.704081 0.583410 
0.465626 0.681318 
0.255858 0.826498 
0.162229 0.795858 
0.571883 0.675478 
0.832282 0.527006 
0.225480 0.925424 
0.867643 0.007859 
0.340617 0.828868 
0.523115 0.634610 
0.417535 0.814377 
0.416218 0.838129 
0.876135 0.407674 
0.270113 0.771123 
0.117758 0.899938 
0.742110 0.550657 
0.754910 0.498367 
0.357762 0.888313 
0.491210 0.719770 
0.275856 0.850862 
0.028055 0.992488 
0.814311 0.313372 
0.016237 0.851681 
0.928457 0.196165 
0.824682 0.141936 
0.867854 0.254211 
0.093891 0.806128 
0.648425 0.634689 
0.238439 0.912332 
0.852950 0.348650 
0.212317 0.822066 
0.792841 0.449719 
0.800408 0.322471 
0.922645 0.105290 
0.846253 0.020487 
0.563760 0.766546 
0.575535 0.626294 
0.259878 0.943955 
0.867344 0.255765 
0.466450 0.683051 
0.096449 0.823894 
0.003555 0.963894 
0.851089 0.020225 
0.214658 0.915350 
0.807945 0.270293 
0.597438 0.555724 
0.893323 0.194359 
0.826877 0.005228 
0.279317 0.802200 
0.774689 0.474315 
0.630935 0.650800 
0.232255 0.768699 
0.110160 0.850467 
0.617614 0.554032 
0.411141 0.908552 
0.464833 0.835364 
0.452492 0.774979 
0.751491 0.436845 
0.904639 0.077155 
0.245089 0.828220 
0.398462 0.730524 
0.123542 0.792501 
0.156412 0.862026 
0.838201 0.514606 
0.117326 0.798446 
0.811015 0.534377 
0.069947 0.932971 
0.803300 0.294121 
0.140656 0.921392 
0.013275 0.960611 
0.960708 0.117500 
0.885437 0.140420 
0.858460 0.000050 
0.762545 0.524828 
0.771067 0.627196 
0.072222 0.906118 
0.094880 0.918688 
0.622092 0.691636 
0.158398 0.817405 
0.730931 0.657803 
0.218549 0.900552 
0.290138 0.771887 
0.973754 0.202728 
0.889121 0.051480 
0.028744 0.899841 
0.829021 0.286513 
0.018629 0.867703 
0.156486 0.859557 
0.448787 0.811667 
0.920429 0.024043 
0.771450 0.290657 
0.501647 0.806004 
0.912297 0.255059 
0.114847 0.893790 
0.834799 0.324646 
0.223919 0.836432 
0.585606 0.571424 
0.758600 0.618196 
0.880797 0.348083 
0.784134 0.278903 
0.133913 0.864190 
0.479169 0.677986 
0.376450 0.825009 
0.846314 0.217531 
0.443606 0.884427 
0.802593 0.114325 
0.064837 0.886266 
0.865173 0.150876 
0.452376 0.838843 
0.561870 0.826053 
0.446383 0.809932 
0.519497 0.766164 
0.299047 0.917544 
0.535789 0.634216 
0.650302 0.538579 
0.837401 0.316524 
0.865820 0.010730 
0.607163 0.651095 
0.773524 0.556942 
0.835089 0.063060 
0.482764 0.666741 
0.381800 0.826851 
0.260171 0.935568 
0.326457 0.773636 
0.896563 0.004558 
0.762671 0.534246 
0.637939 0.553358 
0.826864 0.199066 
0.622150 0.599730 
0.925257 0.222459 
0.413715 0.756317 
0.001552 0.802883 
0.894471 0.082258 
0.971893 0.189261 
0.309636 0.830953 
0.904730 0.272094 
0.899202 0.002888 
0.273321 0.878963 
0.439197 0.813547 
0.522344 0.808591 
0.354614 0.896382 
0.484077 0.744605 
0.682748 0.642043 
0.773240 0.491624 
0.757893 0.568143 
0.263426 0.838525 
0.409092 0.776764 
0.946189 0.156055 
0.518301 0.610123 
0.543488 0.727872 
0.485408 0.769794 
0.281863 0.914855 
0.649306 0.715761 
0.903433 0.334994 
0.413421 0.860377 
0.413454 0.849816 
0.038969 0.998940 
0.608441 0.741313 
0.824833 0.405104 
0.767199 0.375945 
0.153716 0.962241 
0.854631 0.190364 
0.080728 0.967800 
0.835969 0.014841 
0.799059 0.078991 
0.006651 0.985224 
0.246195 0.770539 
0.023196 0.830756 
0.740981 0.511019 
0.875900 0.231455 
0.478847 0.793903 
0.956244 0.185129 
0.783732 0.528920 
0.358926 0.837713 
0.879548 0.409518 
0.824534 0.442969 
0.653018 0.472257 
0.061490 0.853536 
0.865810 0.345271 
0.054906 0.885508 
0.502453 0.810036 
0.453850 0.801590 
0.830357 0.201986 
0.851976 0.029333 
0.725743 0.547213 
0.867738 0.061977 
0.911459 0.111719 
0.743394 0.425766 
0.912734 0.309310 
0.625819 0.573978 
0.346027 0.885690 
0.524876 0.701359 
0.742816 0.455605 
0.987301 0.044376 
0.275852 0.788293 
0.072938 0.939613 
0.778246 0.456857 
0.842985 0.244693 
0.038965 0.892256 
0.810535 0.528767 
0.320015 0.906146 
0.409774 0.832252 
0.644203 0.507391 
0.662153 0.619331 
0.297679 0.873139 
0.518255 0.835994 
0.216668 0.835755 
0.802799 0.084594 
0.578431 0.756180 
0.177970 0.789109 
0.439183 0.674512 
0.908852 0.313975 
0.530939 0.761365 
0.104711 0.992516 
0.518778 0.758558 
0.015019 0.888567 
0.467546 0.683711 
0.811420 0.251034 
0.579797 0.636686 
0.098421 0.975544 
0.948469 0.123068 
0.938156 0.209229 
0.092076 0.993061 
0.589724 0.788160 
0.160987 0.880128 
0.528823 0.759187 
0.807655 0.071313 
0.696783 0.562552 
0.596925 0.587785 
0.716435 0.636962 
0.436829 0.890956 
0.066407 0.884248 
0.770330 0.224605 
0.787136 0.410822 
0.132118 0.986597 
0.917582 0.238060 
0.967537 0.138498 
0.518960 0.642283 
0.431452 0.688284 
0.198590 0.830866 
0.503693 0.756444 
0.900906 0.327630 
0.323570 0.889050 
0.793618 0.270192 
0.969427 0.055961 
0.749550 0.619056 
0.384823 0.870406 
0.176097 0.943973 
0.084065 0.938062 
0.958892 0.064617 
0.339236 0.731896 
0.859975 0.049457 
0.748317 0.398157 
0.859053 0.158508 
0.402694 0.905831 
0.946371 0.232110 
0.878089 0.002746 
0.915509 0.377175 
0.668269 0.638662 
0.819298 0.573121 
0.651715 0.628937 
0.789048 0.228902 
0.772381 0.426456 
0.051662 0.883303 
0.866741 0.219243 
0.549278 0.822910 
0.257843 0.901852 
0.729328 0.405583 
0.458367 0.751726 
0.869962 0.458469 
0.151503 0.799021 
0.424809 0.840609 
0.858474 0.482457 
0.541394 0.706624 
0.034988 0.969839 
0.782524 0.564337 
0.872152 0.181905 
0.467687 0.817570 
0.384363 0.912353 
0.828671 0.443411 
0.648090 0.538540 
0.395590 0.785223 
0.343147 0.847967 
0.223692 0.866786 
0.165477 0.862078 
0.814953 0.274385 
0.286588 0.850730 
0.258683 0.827798 
0.568178 0.720628 
0.414841 0.817441 
0.899499 0.223163 
0.762008 0.567113 
0.843315 0.063425 
0.584781 0.777503 
0.890115 0.360964 
0.169830 0.891778 
0.916880 0.155118 
0.289840 0.886574 
0.246190 0.936134 
0.864494 0.232200 
0.158638 0.901642 
0.839239 0.251272 
0.813024 0.007363 
0.327161 0.786378 
0.662191 0.490642 
0.780243 0.542851 
0.529725 0.760843 
0.588232 0.729377 
0.232985 0.924287 
0.316754 0.791798 
0.925130 0.026784 
0.075357 0.876471 
0.520487 0.634335 
0.787586 0.506335 
0.382086 0.724949 
0.680081 0.498021 
0.577460 0.651334 
0.897046 0.359270 
0.339790 0.796417 
0.728946 0.651256 
0.535331 0.811174 
0.666515 0.719484 
0.647442 0.473482 
0.654834 0.548468 
0.924311 0.273199 
0.418049 0.787448 
0.575349 0.812793 
0.845082 0.064650 
0.631655 0.547673 
0.739290 0.333630 
0.783114 0.199206 
0.668016 0.479002 
0.916108 0.142111 
0.880272 0.072629 
0.003150 0.866758 
0.825097 0.343625 
0.262568 0.862065 
0.804097 0.418670 
0.853525 0.033708 
0.027410 0.898469 
0.654524 0.490393 
0.736143 0.412094 
0.605335 0.770802 
0.302896 0.942625 
0.612663 0.675709 
0.973671 0.038122 
0.322223 0.751954 
0.593861 0.682890 
0.103391 0.824886 
0.532175 0.679966 
0.798528 0.488738 
0.403672 0.859373 
0.914142 0.335146 
0.481696 0.747233 
0.771811 0.532607 
0.965072 0.259839 
0.715065 0.697416 
0.801253 0.036243 
0.687706 0.555986 
0.034355 0.894828 
0.014128 0.975459 
0.276501 0.841842 
0.773789 0.420150 
0.828283 0.301737 
0.284934 0.854362 
0.489788 0.861266 
0.004572 0.991501 
0.085525 0.944688 
0.115417 0.791889 
0.194013 0.921457 
0.845206 0.519097 
